!                                                                               
! File exported from RMS.                                                       
!                                                                               
! Project:       Sleipner Reference Model 2019
! Date:          2019-03-15T08:57:48
!                                                                               
! Polygons/points Z-MAP file generated for 'L1_Amp_Boundary'.
! Coordinate system is ''.
!                                                                               
!-------------------------------------------------------------------------------
@FREE POINT        , DATA, 80, 1
X (EASTING)        , 1, 1,  1,             1, 20,,         1.0E+30,,,       4, 0
Y (NORTHING)       , 2, 2,  1,            21, 40,,         1.0E+30,,,       4, 0
Z VALUE            , 3, 3,  1,            41, 60,,         1.0E+30,,,       4, 0
SEG I.D.           , 4, 35, 1,            61, 70,,         1.0E+30,,,       0, 0
@
       438198.156250      6470753.000000           -0.466000         0          
       438223.156250      6470778.000000           -0.511667         0          
       438248.156250      6470803.000000           -0.358000         0          
       438273.156250      6470803.000000           -0.336750         0          
       438298.156250      6470803.000000           -0.223250         0          
       438323.156250      6470803.000000           -0.308500         0          
       438348.156250      6470778.000000           -0.314000         0          
       438373.156250      6470803.000000           -0.328500         0          
       438398.156250      6470778.000000           -0.333000         0          
       438398.156250      6470753.000000           -0.381500         0          
       438423.156250      6470778.000000           -0.324333         0          
       438448.156250      6470778.000000           -0.392000         0          
       438473.156250      6470778.000000           -0.352000         0          
       438498.156250      6470778.000000           -0.289500         0          
       438523.156250      6470778.000000           -0.199000         0          
       438548.156250      6470753.000000           -0.265000         0          
       438573.156250      6470753.000000           -0.293000         0          
       438598.156250      6470778.000000           -0.157500         0          
       438623.156250      6470778.000000           -0.179500         0          
       438648.156250      6470803.000000           -0.309667         0          
       438673.156250      6470828.000000           -0.239000         0          
       438698.156250      6470853.000000           -0.160000         0          
       438723.156250      6470878.000000           -0.119500         0          
       438748.156250      6470903.000000           -0.285000         0          
       438748.156250      6470928.000000           -0.217000         0          
       438748.156250      6470953.000000           -0.186000         0          
       438773.156250      6470978.000000           -0.160250         0          
       438798.156250      6470978.000000           -0.206000         0          
       438823.156250      6470978.000000           -0.303000         0          
       438823.156250      6471003.000000           -0.158500         0          
       438823.156250      6471028.000000           -0.221000         0          
       438823.156250      6471053.000000           -0.119000         0          
       438823.156250      6471078.000000           -0.187000         0          
       438823.156250      6471103.000000           -0.327500         0          
       438823.156250      6471128.000000           -0.203500         0          
       438823.156250      6471153.000000           -0.314000         0          
       438798.156250      6471178.000000           -0.094000         0          
       438823.156250      6471203.000000           -0.191250         0          
       438848.156250      6471178.000000           -0.109000         0          
       438848.156250      6471203.000000           -0.114500         0          
       438823.156250      6471228.000000           -0.274250         0          
       438848.156250      6471253.000000           -0.097000         0          
       438848.156250      6471278.000000           -0.106500         0          
       438848.156250      6471303.000000           -0.117500         0          
       438848.156250      6471328.000000           -0.166500         0          
       438848.156250      6471353.000000           -0.285000         0          
       438848.156250      6471378.000000           -0.074500         0          
       438873.156250      6471403.000000           -0.082000         0          
       438898.156250      6471403.000000           -0.185000         0          
       438923.156250      6471403.000000           -0.148000         0          
       438923.156250      6471428.000000           -0.289333         0          
       438948.156250      6471453.000000           -0.148500         0          
       438973.156250      6471478.000000           -0.112000         0          
       438948.156250      6471503.000000           -0.239750         0          
       438973.156250      6471528.000000           -0.107000         0          
       438998.156250      6471503.000000           -0.212500         0          
       439023.156250      6471528.000000           -0.341000         0          
       439048.156250      6471553.000000           -0.213000         0          
       439073.156250      6471553.000000           -0.255000         0          
       439098.156250      6471553.000000           -0.245000         0          
       439098.156250      6471578.000000           -0.284750         0          
       439123.156250      6471603.000000           -0.239500         0          
       439123.156250      6471628.000000           -0.335333         0          
       439148.156250      6471653.000000           -0.345750         0          
       439173.156250      6471653.000000           -0.288750         0          
       439198.156250      6471653.000000           -0.319333         0          
       439223.156250      6471678.000000           -0.343500         0          
       439248.156250      6471678.000000           -0.310500         0          
       439273.156250      6471678.000000           -0.157667         0          
       439273.156250      6471703.000000           -0.200000         0          
       439298.156250      6471728.000000           -0.128500         0          
       439298.156250      6471753.000000           -0.147667         0          
       439298.156250      6471778.000000           -0.184000         0          
       439323.156250      6471803.000000           -0.171250         0          
       439348.156250      6471828.000000           -0.207000         0          
       439323.156250      6471853.000000           -0.197250         0          
       439323.156250      6471878.000000           -0.170000         0          
       439323.156250      6471903.000000           -0.175000         0          
       439323.156250      6471928.000000           -0.192000         0          
       439348.156250      6471953.000000           -0.309000         0          
       439323.156250      6471978.000000           -0.396750         0          
       439298.156250      6472003.000000           -0.190333         0          
       439298.156250      6472028.000000           -0.229000         0          
       439273.156250      6472053.000000           -0.453250         0          
       439273.156250      6472078.000000           -0.405000         0          
       439273.156250      6472103.000000           -0.385500         0          
       439273.156250      6472128.000000           -0.396000         0          
       439248.156250      6472128.000000           -0.525000         0          
       439223.156250      6472153.000000           -0.416500         0          
       439198.156250      6472178.000000           -0.334500         0          
       439173.156250      6472203.000000           -0.463000         0          
       439148.156250      6472228.000000           -0.273000         0          
       439123.156250      6472253.000000           -0.225000         0          
       439098.156250      6472228.000000           -0.420000         0          
       439073.156250      6472253.000000           -0.240333         0          
       439048.156250      6472278.000000           -0.396000         0          
       439023.156250      6472278.000000           -0.431750         0          
       438998.156250      6472278.000000           -0.418500         0          
       438973.156250      6472278.000000           -0.586250         0          
       438948.156250      6472278.000000           -0.463250         0          
       438923.156250      6472278.000000           -0.463500         0          
       438898.156250      6472278.000000           -0.428000         0          
       438873.156250      6472278.000000           -0.373500         0          
       438848.156250      6472253.000000           -0.490500         0          
       438823.156250      6472253.000000           -0.400000         0          
       438798.156250      6472253.000000           -0.595500         0          
       438773.156250      6472253.000000           -0.700250         0          
       438748.156250      6472253.000000           -0.640000         0          
       438748.156250      6472228.000000           -0.415000         0          
       438723.156250      6472203.000000           -0.372000         0          
       438698.156250      6472203.000000           -0.420000         0          
       438673.156250      6472203.000000           -0.395500         0          
       438648.156250      6472203.000000           -0.254000         0          
       438673.156250      6472178.000000           -0.441667         0          
       438648.156250      6472153.000000           -0.431500         0          
       438623.156250      6472153.000000           -0.426000         0          
       438598.156250      6472128.000000           -0.355500         0          
       438573.156250      6472128.000000           -0.271000         0          
       438548.156250      6472103.000000           -0.364000         0          
       438523.156250      6472103.000000           -0.220333         0          
       438498.156250      6472078.000000           -0.406000         0          
       438498.156250      6472053.000000           -0.133000         0          
       438498.156250      6472028.000000           -0.097000         0          
       438473.156250      6472003.000000           -0.486000         0          
       438473.156250      6471978.000000           -0.400500         0          
       438448.156250      6471953.000000           -0.197000         0          
       438423.156250      6471953.000000           -0.251500         0          
       438398.156250      6471953.000000           -0.222000         0          
       438373.156250      6471953.000000           -0.398750         0          
       438348.156250      6471953.000000           -0.403333         0          
       438323.156250      6471928.000000           -0.361500         0          
       438298.156250      6471928.000000           -0.255500         0          
       438273.156250      6471928.000000           -0.177000         0          
       438273.156250      6471903.000000           -0.338000         0          
       438248.156250      6471878.000000           -0.347500         0          
       438223.156250      6471878.000000           -0.393500         0          
       438198.156250      6471853.000000           -0.250000         0          
       438223.156250      6471828.000000           -0.270250         0          
       438223.156250      6471803.000000           -0.258250         0          
       438223.156250      6471778.000000           -0.217750         0          
       438198.156250      6471753.000000           -0.288000         0          
       438198.156250      6471728.000000           -0.407250         0          
       438173.156250      6471703.000000           -0.325000         0          
       438173.156250      6471678.000000           -0.197000         0          
       438173.156250      6471653.000000           -0.342667         0          
       438173.156250      6471628.000000           -0.291000         0          
       438173.156250      6471603.000000           -0.271500         0          
       438173.156250      6471578.000000           -0.305500         0          
       438173.156250      6471553.000000           -0.324500         0          
       438198.156250      6471528.000000           -0.171000         0          
       438173.156250      6471503.000000           -0.149000         0          
       438198.156250      6471478.000000           -0.153000         0          
       438198.156250      6471453.000000           -0.206500         0          
       438198.156250      6471428.000000           -0.145000         0          
       438198.156250      6471403.000000           -0.306000         0          
       438198.156250      6471378.000000           -0.295000         0          
       438173.156250      6471353.000000           -0.277000         0          
       438198.156250      6471328.000000           -0.194000         0          
       438198.156250      6471303.000000           -0.098000         0          
       438198.156250      6471278.000000           -0.149000         0          
       438198.156250      6471253.000000           -0.236000         0          
       438198.156250      6471228.000000           -0.212000         0          
       438198.156250      6471203.000000           -0.181500         0          
       438223.156250      6471178.000000           -0.195000         0          
       438248.156250      6471153.000000           -0.211500         0          
       438248.156250      6471128.000000           -0.321000         0          
       438248.156250      6471103.000000           -0.057500         0          
       438248.156250      6471078.000000           -0.169500         0          
       438248.156250      6471053.000000           -0.209750         0          
       438223.156250      6471028.000000           -0.187500         0          
       438223.156250      6471003.000000           -0.245500         0          
       438198.156250      6470978.000000           -0.366250         0          
       438173.156250      6470978.000000           -0.290500         0          
       438173.156250      6470953.000000           -0.421667         0          
       438173.156250      6470928.000000           -0.395500         0          
       438173.156250      6470903.000000           -0.308000         0          
       438173.156250      6470878.000000           -0.454500         0          
       438173.156250      6470853.000000           -0.336000         0          
       438198.156250      6470828.000000           -0.320500         0          
       438198.156250      6470803.000000           -0.525333         0          
       438198.156250      6470778.000000           -0.597000         0          
       438198.156250      6470753.000000           -0.466000         0          
       439173.156250      6471778.000000           -0.193000         1          
       439148.156250      6471803.000000           -0.368500         1          
       439173.156250      6471828.000000           -0.185750         1          
       439198.156250      6471803.000000           -0.400250         1          
       439173.156250      6471778.000000           -0.193000         1          
