!                                                                               
! File exported from RMS.                                                       
!                                                                               
! Project:       Sleipner Reference Model 2019
! Date:          2019-03-15T08:57:41
!                                                                               
! Polygons/points Z-MAP file generated for 'L2_Amp_Boundary'.
! Coordinate system is ''.
!                                                                               
!-------------------------------------------------------------------------------
@FREE POINT        , DATA, 80, 1
X (EASTING)        , 1, 1,  1,             1, 20,,         1.0E+30,,,       4, 0
Y (NORTHING)       , 2, 2,  1,            21, 40,,         1.0E+30,,,       4, 0
Z VALUE            , 3, 3,  1,            41, 60,,         1.0E+30,,,       4, 0
SEG I.D.           , 4, 35, 1,            61, 70,,         1.0E+30,,,       0, 0
@
       438103.187500      6470720.000000           -0.118000         0          
       438128.187500      6470720.000000           -0.103000         0          
       438128.187500      6470745.000000           -0.140500         0          
       438153.187500      6470770.000000           -0.380000         0          
       438178.187500      6470745.000000           -0.305000         0          
       438203.187500      6470745.000000           -0.222000         0          
       438228.187500      6470770.000000           -0.172333         0          
       438253.187500      6470770.000000           -0.280000         0          
       438278.187500      6470745.000000           -0.164000         0          
       438278.187500      6470720.000000           -0.459000         0          
       438303.187500      6470720.000000           -0.518667         0          
       438303.187500      6470745.000000           -0.348500         0          
       438303.187500      6470770.000000           -0.337500         0          
       438328.187500      6470795.000000           -0.390000         0          
       438353.187500      6470770.000000           -0.053000         0          
       438353.187500      6470795.000000           -0.237500         0          
       438378.187500      6470820.000000           -0.250000         0          
       438403.187500      6470820.000000           -0.265000         0          
       438403.187500      6470845.000000           -0.193250         0          
       438403.187500      6470870.000000           -0.173250         0          
       438403.187500      6470895.000000           -0.342250         0          
       438403.187500      6470920.000000           -0.191750         0          
       438403.187500      6470945.000000           -0.204500         0          
       438403.187500      6470970.000000           -0.411750         0          
       438403.187500      6470995.000000           -0.429750         0          
       438403.187500      6471020.000000           -0.363000         0          
       438403.187500      6471045.000000           -0.356500         0          
       438428.187500      6471070.000000           -0.231000         0          
       438453.187500      6471070.000000           -0.369500         0          
       438478.187500      6471045.000000           -0.262000         0          
       438503.187500      6471045.000000           -0.310000         0          
       438528.187500      6471020.000000           -0.357000         0          
       438528.187500      6470995.000000           -0.454500         0          
       438528.187500      6470970.000000           -0.544500         0          
       438528.187500      6470945.000000           -0.345000         0          
       438553.187500      6470970.000000           -0.448500         0          
       438578.187500      6470995.000000           -0.308000         0          
       438603.187500      6471020.000000           -0.376000         0          
       438603.187500      6471045.000000           -0.335500         0          
       438603.187500      6471070.000000           -0.052667         0          
       438628.187500      6471095.000000           -0.328500         0          
       438653.187500      6471120.000000           -0.292667         0          
       438653.187500      6471145.000000           -0.518000         0          
       438653.187500      6471170.000000           -0.276750         0          
       438653.187500      6471195.000000           -0.394000         0          
       438678.187500      6471220.000000           -0.554000         0          
       438703.187500      6471220.000000           -0.329000         0          
       438678.187500      6471245.000000           -0.394000         0          
       438653.187500      6471245.000000           -0.529500         0          
       438628.187500      6471270.000000           -0.426000         0          
       438628.187500      6471295.000000           -0.250000         0          
       438628.187500      6471320.000000           -0.248000         0          
       438603.187500      6471345.000000           -0.370500         0          
       438603.187500      6471370.000000           -0.508000         0          
       438628.187500      6471395.000000           -0.509000         0          
       438653.187500      6471420.000000           -0.506500         0          
       438678.187500      6471420.000000           -0.432500         0          
       438703.187500      6471420.000000           -0.516000         0          
       438728.187500      6471395.000000           -0.393750         0          
       438728.187500      6471370.000000           -0.268500         0          
       438728.187500      6471345.000000           -0.373750         0          
       438728.187500      6471320.000000           -0.613750         0          
       438728.187500      6471295.000000           -0.393750         0          
       438728.187500      6471270.000000           -0.580750         0          
       438728.187500      6471245.000000           -0.590250         0          
       438703.187500      6471220.000000           -0.329000         0          
       438728.187500      6471195.000000           -0.045000         0          
       438753.187500      6471220.000000           -0.335000         0          
       438778.187500      6471220.000000           -0.244000         0          
       438803.187500      6471195.000000           -0.293500         0          
       438803.187500      6471170.000000           -0.356500         0          
       438803.187500      6471145.000000           -0.560500         0          
       438803.187500      6471120.000000           -0.538000         0          
       438828.187500      6471120.000000           -0.538000         0          
       438828.187500      6471145.000000           -0.420000         0          
       438828.187500      6471170.000000           -0.379250         0          
       438828.187500      6471195.000000           -0.422750         0          
       438853.187500      6471220.000000           -0.495000         0          
       438828.187500      6471245.000000           -0.226250         0          
       438803.187500      6471220.000000           -0.399000         0          
       438778.187500      6471245.000000           -0.258250         0          
       438803.187500      6471270.000000           -0.168000         0          
       438828.187500      6471245.000000           -0.226250         0          
       438828.187500      6471270.000000           -0.205500         0          
       438828.187500      6471295.000000           -0.247000         0          
       438853.187500      6471320.000000           -0.651000         0          
       438853.187500      6471345.000000           -0.576750         0          
       438853.187500      6471370.000000           -0.483250         0          
       438853.187500      6471395.000000           -0.222750         0          
       438878.187500      6471420.000000           -0.498750         0          
       438903.187500      6471395.000000           -0.852000         0          
       438903.187500      6471370.000000           -0.883500         0          
       438903.187500      6471345.000000           -0.858500         0          
       438903.187500      6471320.000000           -0.741000         0          
       438903.187500      6471295.000000           -0.872500         0          
       438903.187500      6471270.000000           -0.843000         0          
       438903.187500      6471245.000000           -0.647000         0          
       438903.187500      6471220.000000           -0.424000         0          
       438903.187500      6471195.000000           -0.389000         0          
       438928.187500      6471220.000000           -0.365000         0          
       438928.187500      6471245.000000           -0.428500         0          
       438928.187500      6471270.000000           -0.704000         0          
       438928.187500      6471295.000000           -0.763500         0          
       438928.187500      6471320.000000           -0.735500         0          
       438928.187500      6471345.000000           -0.864500         0          
       438928.187500      6471370.000000           -1.056500         0          
       438928.187500      6471395.000000           -0.977000         0          
       438928.187500      6471420.000000           -0.789500         0          
       438953.187500      6471445.000000           -0.418000         0          
       438928.187500      6471470.000000           -0.522500         0          
       438928.187500      6471495.000000           -0.401500         0          
       438903.187500      6471470.000000           -0.446000         0          
       438878.187500      6471495.000000           -0.559000         0          
       438878.187500      6471520.000000           -0.492500         0          
       438903.187500      6471545.000000           -0.196333         0          
       438928.187500      6471520.000000           -0.280500         0          
       438953.187500      6471545.000000           -0.375750         0          
       438978.187500      6471520.000000           -0.529500         0          
       438978.187500      6471495.000000           -0.366500         0          
       438978.187500      6471470.000000           -0.340000         0          
       438953.187500      6471445.000000           -0.418000         0          
       438978.187500      6471420.000000           -0.545250         0          
       438978.187500      6471395.000000           -0.523500         0          
       438978.187500      6471370.000000           -0.437667         0          
       439003.187500      6471345.000000           -0.648000         0          
       439003.187500      6471320.000000           -0.466000         0          
       439028.187500      6471345.000000           -0.393000         0          
       439028.187500      6471370.000000           -0.633500         0          
       439028.187500      6471395.000000           -0.829667         0          
       439053.187500      6471420.000000           -0.469000         0          
       439053.187500      6471445.000000           -0.762000         0          
       439053.187500      6471470.000000           -0.743000         0          
       439078.187500      6471495.000000           -0.309000         0          
       439103.187500      6471520.000000           -0.403000         0          
       439103.187500      6471545.000000           -0.490500         0          
       439103.187500      6471570.000000           -0.529000         0          
       439103.187500      6471595.000000           -0.600500         0          
       439128.187500      6471620.000000           -0.757333         0          
       439153.187500      6471620.000000           -0.395000         0          
       439178.187500      6471595.000000           -0.212500         0          
       439178.187500      6471570.000000           -0.247750         0          
       439178.187500      6471545.000000           -0.267250         0          
       439178.187500      6471520.000000           -0.355500         0          
       439203.187500      6471520.000000           -0.365500         0          
       439203.187500      6471545.000000           -0.233000         0          
       439228.187500      6471570.000000           -0.154000         0          
       439253.187500      6471595.000000           -0.313000         0          
       439253.187500      6471620.000000           -0.398667         0          
       439253.187500      6471645.000000           -0.320500         0          
       439228.187500      6471645.000000           -0.304000         0          
       439203.187500      6471645.000000           -0.259000         0          
       439178.187500      6471645.000000           -0.347500         0          
       439153.187500      6471670.000000           -0.673000         0          
       439178.187500      6471695.000000           -0.498500         0          
       439203.187500      6471695.000000           -0.427500         0          
       439228.187500      6471695.000000           -0.500000         0          
       439253.187500      6471695.000000           -0.591500         0          
       439278.187500      6471695.000000           -0.391000         0          
       439278.187500      6471720.000000           -0.229000         0          
       439278.187500      6471745.000000           -0.220000         0          
       439278.187500      6471770.000000           -0.352250         0          
       439278.187500      6471795.000000           -0.398750         0          
       439278.187500      6471820.000000           -0.269750         0          
       439278.187500      6471845.000000           -0.276250         0          
       439278.187500      6471870.000000           -0.303250         0          
       439303.187500      6471895.000000           -0.333750         0          
       439328.187500      6471920.000000           -0.306000         0          
       439328.187500      6471945.000000           -0.142000         0          
       439328.187500      6471970.000000           -0.101500         0          
       439328.187500      6471995.000000           -0.274500         0          
       439328.187500      6472020.000000           -0.248000         0          
       439328.187500      6472045.000000           -0.287500         0          
       439328.187500      6472070.000000           -0.336250         0          
       439328.187500      6472095.000000           -0.157000         0          
       439303.187500      6472120.000000           -0.347000         0          
       439278.187500      6472145.000000           -0.224250         0          
       439278.187500      6472170.000000           -0.210667         0          
       439278.187500      6472195.000000           -0.238000         0          
       439278.187500      6472220.000000           -0.221000         0          
       439278.187500      6472245.000000           -0.271000         0          
       439278.187500      6472270.000000           -0.295500         0          
       439278.187500      6472295.000000           -0.443500         0          
       439278.187500      6472320.000000           -0.410000         0          
       439278.187500      6472345.000000           -0.376500         0          
       439278.187500      6472370.000000           -0.180500         0          
       439253.187500      6472370.000000           -0.214667         0          
       439228.187500      6472395.000000           -0.364500         0          
       439228.187500      6472420.000000           -0.294000         0          
       439228.187500      6472445.000000           -0.240000         0          
       439203.187500      6472445.000000           -0.342000         0          
       439178.187500      6472470.000000           -0.360000         0          
       439178.187500      6472495.000000           -0.456000         0          
       439178.187500      6472520.000000           -0.298500         0          
       439178.187500      6472545.000000           -0.360000         0          
       439153.187500      6472570.000000           -0.252500         0          
       439178.187500      6472595.000000           -0.416000         0          
       439178.187500      6472620.000000           -0.346500         0          
       439178.187500      6472645.000000           -0.415500         0          
       439178.187500      6472670.000000           -0.322500         0          
       439178.187500      6472695.000000           -0.375500         0          
       439178.187500      6472720.000000           -0.439500         0          
       439178.187500      6472745.000000           -0.327000         0          
       439153.187500      6472770.000000           -0.178000         0          
       439128.187500      6472795.000000           -0.222000         0          
       439103.187500      6472795.000000           -0.264000         0          
       439078.187500      6472820.000000           -0.291250         0          
       439078.187500      6472845.000000           -0.339750         0          
       439078.187500      6472870.000000           -0.438250         0          
       439078.187500      6472895.000000           -0.435750         0          
       439078.187500      6472920.000000           -0.386250         0          
       439078.187500      6472945.000000           -0.386500         0          
       439053.187500      6472970.000000           -0.215667         0          
       439028.187500      6472995.000000           -0.324000         0          
       439003.187500      6473020.000000           -0.475000         0          
       439003.187500      6473045.000000           -0.449000         0          
       438978.187500      6473070.000000           -0.673250         0          
       438978.187500      6473095.000000           -0.702500         0          
       438978.187500      6473120.000000           -0.426667         0          
       438978.187500      6473145.000000           -0.444000         0          
       438978.187500      6473170.000000           -0.599000         0          
       438953.187500      6473195.000000           -0.437500         0          
       438953.187500      6473220.000000           -0.476000         0          
       438928.187500      6473245.000000           -0.536750         0          
       438928.187500      6473270.000000           -0.388000         0          
       438903.187500      6473270.000000           -0.608667         0          
       438878.187500      6473295.000000           -0.534000         0          
       438878.187500      6473270.000000           -0.690500         0          
       438878.187500      6473245.000000           -0.763000         0          
       438878.187500      6473220.000000           -0.860500         0          
       438878.187500      6473195.000000           -0.753500         0          
       438878.187500      6473170.000000           -0.790000         0          
       438878.187500      6473145.000000           -0.828000         0          
       438878.187500      6473120.000000           -0.627500         0          
       438878.187500      6473095.000000           -0.480000         0          
       438903.187500      6473070.000000           -0.506500         0          
       438903.187500      6473045.000000           -0.272000         0          
       438903.187500      6473020.000000           -0.307000         0          
       438903.187500      6472995.000000           -0.166000         0          
       438928.187500      6472995.000000           -0.349500         0          
       438953.187500      6472970.000000           -0.578250         0          
       438953.187500      6472945.000000           -0.447000         0          
       438953.187500      6472920.000000           -0.354000         0          
       438953.187500      6472895.000000           -0.467000         0          
       438953.187500      6472870.000000           -0.400000         0          
       438978.187500      6472845.000000           -0.660000         0          
       438978.187500      6472820.000000           -0.533000         0          
       438978.187500      6472795.000000           -0.328000         0          
       438978.187500      6472770.000000           -0.519000         0          
       439003.187500      6472745.000000           -0.725250         0          
       439003.187500      6472720.000000           -0.682500         0          
       439003.187500      6472695.000000           -0.568500         0          
       439003.187500      6472670.000000           -0.457500         0          
       439003.187500      6472645.000000           -0.531250         0          
       439003.187500      6472620.000000           -0.505500         0          
       438978.187500      6472595.000000           -0.345000         0          
       438953.187500      6472570.000000           -0.489000         0          
       438953.187500      6472545.000000           -0.447250         0          
       438953.187500      6472520.000000           -0.664500         0          
       438928.187500      6472495.000000           -0.233500         0          
       438903.187500      6472470.000000           -0.337000         0          
       438878.187500      6472495.000000           -0.251000         0          
       438878.187500      6472470.000000           -0.348250         0          
       438853.187500      6472445.000000           -0.299500         0          
       438828.187500      6472420.000000           -0.306000         0          
       438828.187500      6472395.000000           -0.526333         0          
       438828.187500      6472370.000000           -0.459750         0          
       438828.187500      6472345.000000           -0.496500         0          
       438803.187500      6472320.000000           -0.476000         0          
       438803.187500      6472295.000000           -0.485000         0          
       438778.187500      6472270.000000           -0.370000         0          
       438753.187500      6472270.000000           -0.387000         0          
       438728.187500      6472270.000000           -0.586000         0          
       438703.187500      6472295.000000           -0.440000         0          
       438678.187500      6472320.000000           -0.634500         0          
       438678.187500      6472295.000000           -0.544500         0          
       438678.187500      6472270.000000           -0.608500         0          
       438653.187500      6472245.000000           -0.242000         0          
       438628.187500      6472220.000000           -0.409667         0          
       438603.187500      6472220.000000           -0.350500         0          
       438578.187500      6472245.000000           -0.416000         0          
       438578.187500      6472220.000000           -0.380500         0          
       438553.187500      6472195.000000           -0.467667         0          
       438528.187500      6472220.000000           -0.377500         0          
       438528.187500      6472195.000000           -0.502500         0          
       438528.187500      6472170.000000           -0.470000         0          
       438503.187500      6472145.000000           -0.398750         0          
       438478.187500      6472145.000000           -0.341250         0          
       438453.187500      6472145.000000           -0.251000         0          
       438428.187500      6472120.000000           -0.446750         0          
       438403.187500      6472120.000000           -0.453750         0          
       438378.187500      6472120.000000           -0.297500         0          
       438378.187500      6472095.000000           -0.309500         0          
       438353.187500      6472070.000000           -0.314000         0          
       438353.187500      6472045.000000           -0.443500         0          
       438353.187500      6472020.000000           -0.213000         0          
       438353.187500      6471995.000000           -0.182000         0          
       438353.187500      6471970.000000           -0.368000         0          
       438353.187500      6471945.000000           -0.380000         0          
       438353.187500      6471920.000000           -0.363000         0          
       438378.187500      6471895.000000           -0.147500         0          
       438353.187500      6471870.000000           -0.211000         0          
       438353.187500      6471845.000000           -0.408500         0          
       438353.187500      6471820.000000           -0.298500         0          
       438328.187500      6471795.000000           -0.180000         0          
       438328.187500      6471770.000000           -0.166333         0          
       438328.187500      6471745.000000           -0.144750         0          
       438328.187500      6471720.000000           -0.306500         0          
       438328.187500      6471695.000000           -0.238000         0          
       438303.187500      6471670.000000           -0.018000         0          
       438303.187500      6471645.000000           -0.072333         0          
       438278.187500      6471620.000000           -0.391000         0          
       438303.187500      6471595.000000           -0.357500         0          
       438303.187500      6471570.000000           -0.367750         0          
       438303.187500      6471545.000000           -0.330250         0          
       438303.187500      6471520.000000           -0.244333         0          
       438328.187500      6471520.000000           -0.381500         0          
       438353.187500      6471495.000000           -0.580250         0          
       438353.187500      6471470.000000           -0.382000         0          
       438353.187500      6471445.000000           -0.190000         0          
       438378.187500      6471420.000000           -0.091250         0          
       438378.187500      6471395.000000           -0.130750         0          
       438378.187500      6471370.000000           -0.218750         0          
       438378.187500      6471345.000000           -0.288000         0          
       438378.187500      6471320.000000           -0.191250         0          
       438378.187500      6471295.000000           -0.275750         0          
       438378.187500      6471270.000000           -0.313000         0          
       438378.187500      6471245.000000           -0.249500         0          
       438378.187500      6471220.000000           -0.167000         0          
       438378.187500      6471195.000000           -0.124000         0          
       438378.187500      6471170.000000           -0.166500         0          
       438353.187500      6471145.000000           -0.335667         0          
       438328.187500      6471170.000000           -0.210000         0          
       438328.187500      6471195.000000           -0.193000         0          
       438303.187500      6471195.000000           -0.322667         0          
       438278.187500      6471220.000000           -0.330000         0          
       438278.187500      6471245.000000           -0.469000         0          
       438253.187500      6471245.000000           -0.562667         0          
       438228.187500      6471245.000000           -0.549333         0          
       438203.187500      6471270.000000           -0.502250         0          
       438203.187500      6471295.000000           -0.365000         0          
       438178.187500      6471320.000000           -0.354000         0          
       438178.187500      6471345.000000           -0.225000         0          
       438153.187500      6471370.000000           -0.243750         0          
       438153.187500      6471395.000000           -0.206250         0          
       438153.187500      6471420.000000           -0.247500         0          
       438153.187500      6471445.000000           -0.351000         0          
       438153.187500      6471470.000000           -0.274000         0          
       438153.187500      6471495.000000           -0.324750         0          
       438153.187500      6471520.000000           -0.296000         0          
       438153.187500      6471545.000000           -0.213500         0          
       438153.187500      6471570.000000           -0.211500         0          
       438153.187500      6471595.000000           -0.134750         0          
       438153.187500      6471620.000000           -0.148000         0          
       438153.187500      6471645.000000           -0.183000         0          
       438153.187500      6471670.000000           -0.195250         0          
       438178.187500      6471695.000000           -0.330000         0          
       438203.187500      6471670.000000           -0.359000         0          
       438228.187500      6471645.000000           -0.458000         0          
       438228.187500      6471670.000000           -0.420000         0          
       438228.187500      6471695.000000           -0.471000         0          
       438228.187500      6471720.000000           -0.320500         0          
       438253.187500      6471745.000000           -0.415667         0          
       438278.187500      6471770.000000           -0.639000         0          
       438278.187500      6471795.000000           -0.650000         0          
       438278.187500      6471820.000000           -0.416000         0          
       438278.187500      6471845.000000           -0.393000         0          
       438278.187500      6471870.000000           -0.509500         0          
       438278.187500      6471895.000000           -0.483000         0          
       438278.187500      6471920.000000           -0.580500         0          
       438278.187500      6471945.000000           -0.460500         0          
       438253.187500      6471970.000000           -0.235000         0          
       438253.187500      6471945.000000           -0.466000         0          
       438253.187500      6471920.000000           -0.473000         0          
       438228.187500      6471895.000000           -0.517000         0          
       438203.187500      6471895.000000           -0.442000         0          
       438203.187500      6471870.000000           -0.487500         0          
       438203.187500      6471845.000000           -0.384000         0          
       438178.187500      6471820.000000           -0.444000         0          
       438153.187500      6471820.000000           -0.294000         0          
       438128.187500      6471795.000000           -0.415000         0          
       438103.187500      6471820.000000           -0.222250         0          
       438103.187500      6471795.000000           -0.246250         0          
       438103.187500      6471770.000000           -0.368750         0          
       438103.187500      6471745.000000           -0.248000         0          
       438103.187500      6471720.000000           -0.240000         0          
       438103.187500      6471695.000000           -0.335500         0          
       438103.187500      6471670.000000           -0.276750         0          
       438103.187500      6471645.000000           -0.268750         0          
       438103.187500      6471620.000000           -0.266250         0          
       438103.187500      6471595.000000           -0.196500         0          
       438103.187500      6471570.000000           -0.217250         0          
       438103.187500      6471545.000000           -0.265000         0          
       438103.187500      6471520.000000           -0.209500         0          
       438103.187500      6471495.000000           -0.098250         0          
       438103.187500      6471470.000000           -0.107250         0          
       438103.187500      6471445.000000           -0.040000         0          
       438103.187500      6471420.000000           -0.148000         0          
       438103.187500      6471395.000000           -0.210750         0          
       438103.187500      6471370.000000           -0.192500         0          
       438103.187500      6471345.000000           -0.317750         0          
       438103.187500      6471320.000000           -0.379000         0          
       438103.187500      6471295.000000           -0.267250         0          
       438103.187500      6471270.000000           -0.340000         0          
       438103.187500      6471245.000000           -0.216000         0          
       438103.187500      6471220.000000           -0.147000         0          
       438128.187500      6471195.000000           -0.363750         0          
       438128.187500      6471170.000000           -0.473500         0          
       438128.187500      6471145.000000           -0.379000         0          
       438128.187500      6471120.000000           -0.277250         0          
       438128.187500      6471095.000000           -0.405250         0          
       438128.187500      6471070.000000           -0.350750         0          
       438128.187500      6471045.000000           -0.229500         0          
       438103.187500      6471020.000000           -0.275000         0          
       438103.187500      6470995.000000           -0.169500         0          
       438103.187500      6470970.000000           -0.215000         0          
       438103.187500      6470945.000000           -0.283000         0          
       438103.187500      6470920.000000           -0.415000         0          
       438103.187500      6470895.000000           -0.572000         0          
       438103.187500      6470870.000000           -0.605000         0          
       438103.187500      6470845.000000           -0.298500         0          
       438103.187500      6470820.000000           -0.252500         0          
       438103.187500      6470795.000000           -0.199500         0          
       438103.187500      6470770.000000           -0.157000         0          
       438103.187500      6470745.000000           -0.063000         0          
       438103.187500      6470720.000000           -0.118000         0          
       438453.187500      6471145.000000           -0.277500         1          
       438428.187500      6471170.000000           -0.163000         1          
       438403.187500      6471195.000000           -0.100500         1          
       438428.187500      6471220.000000           -0.139000         1          
       438453.187500      6471245.000000           -0.404667         1          
       438478.187500      6471245.000000           -0.170667         1          
       438478.187500      6471270.000000           -0.327750         1          
       438503.187500      6471295.000000           -0.314000         1          
       438528.187500      6471270.000000           -0.385333         1          
       438528.187500      6471245.000000           -0.378500         1          
       438528.187500      6471220.000000           -0.168000         1          
       438553.187500      6471220.000000           -0.509000         1          
       438578.187500      6471220.000000           -0.345500         1          
       438603.187500      6471245.000000           -0.513500         1          
       438628.187500      6471220.000000           -0.556750         1          
       438628.187500      6471195.000000           -0.423750         1          
       438603.187500      6471170.000000           -0.401750         1          
       438578.187500      6471170.000000           -0.294000         1          
       438553.187500      6471170.000000           -0.200333         1          
       438528.187500      6471170.000000           -0.217000         1          
       438503.187500      6471145.000000           -0.156500         1          
       438478.187500      6471170.000000           -0.119000         1          
       438453.187500      6471145.000000           -0.277500         1          
       438378.187500      6471670.000000           -0.127750         2          
       438353.187500      6471695.000000           -0.194750         2          
       438378.187500      6471720.000000           -0.221000         2          
       438403.187500      6471695.000000           -0.154750         2          
       438378.187500      6471670.000000           -0.127750         2          
