!                                                                               
! File exported from RMS.                                                       
!                                                                               
! Project:       Sleipner Reference Model 2019
! Date:          2019-03-15T08:57:32
!                                                                               
! Polygons/points Z-MAP file generated for 'L3_Amp_Boundary'.
! Coordinate system is ''.
!                                                                               
!-------------------------------------------------------------------------------
@FREE POINT        , DATA, 80, 1
X (EASTING)        , 1, 1,  1,             1, 20,,         1.0E+30,,,       4, 0
Y (NORTHING)       , 2, 2,  1,            21, 40,,         1.0E+30,,,       4, 0
Z VALUE            , 3, 3,  1,            41, 60,,         1.0E+30,,,       4, 0
SEG I.D.           , 4, 35, 1,            61, 70,,         1.0E+30,,,       0, 0
@
       438331.531250      6470916.500000           -0.380000         0          
       438356.531250      6470891.500000           -0.422000         0          
       438381.531250      6470916.500000           -0.378000         0          
       438406.531250      6470941.500000           -0.367000         0          
       438431.531250      6470941.500000           -0.438000         0          
       438456.531250      6470941.500000           -0.490000         0          
       438456.531250      6470966.500000           -0.440500         0          
       438456.531250      6470991.500000           -0.393000         0          
       438456.531250      6471016.500000           -0.445500         0          
       438481.531250      6471041.500000           -0.329500         0          
       438506.531250      6471041.500000           -0.287500         0          
       438531.531250      6471016.500000           -0.358500         0          
       438531.531250      6470991.500000           -0.386000         0          
       438556.531250      6470991.500000           -0.406000         0          
       438581.531250      6470991.500000           -0.377750         0          
       438606.531250      6470991.500000           -0.411750         0          
       438631.531250      6470991.500000           -0.289500         0          
       438656.531250      6470991.500000           -0.143250         0          
       438681.531250      6470991.500000           -0.289250         0          
       438706.531250      6470991.500000           -0.283750         0          
       438731.531250      6470991.500000           -0.199250         0          
       438756.531250      6470991.500000           -0.227000         0          
       438781.531250      6470991.500000           -0.236750         0          
       438806.531250      6470991.500000           -0.307000         0          
       438781.531250      6471016.500000           -0.203500         0          
       438756.531250      6471041.500000           -0.252750         0          
       438781.531250      6471066.500000           -0.261000         0          
       438806.531250      6471091.500000           -0.317500         0          
       438831.531250      6471116.500000           -0.575250         0          
       438856.531250      6471116.500000           -0.543000         0          
       438856.531250      6471141.500000           -0.441000         0          
       438881.531250      6471166.500000           -0.431000         0          
       438906.531250      6471166.500000           -0.207000         0          
       438931.531250      6471191.500000           -0.360000         0          
       438931.531250      6471216.500000           -0.320000         0          
       438931.531250      6471241.500000           -0.285000         0          
       438931.531250      6471266.500000           -0.411000         0          
       438931.531250      6471291.500000           -0.436750         0          
       438956.531250      6471316.500000           -0.534000         0          
       438981.531250      6471291.500000           -0.193000         0          
       439006.531250      6471316.500000           -0.421500         0          
       439006.531250      6471341.500000           -0.523500         0          
       439031.531250      6471366.500000           -0.323000         0          
       439006.531250      6471391.500000           -0.983500         0          
       439006.531250      6471416.500000           -1.209500         0          
       439006.531250      6471441.500000           -1.053000         0          
       439006.531250      6471466.500000           -1.163000         0          
       439006.531250      6471491.500000           -1.199250         0          
       439006.531250      6471516.500000           -1.101000         0          
       439006.531250      6471541.500000           -0.969500         0          
       439006.531250      6471566.500000           -0.841250         0          
       439006.531250      6471591.500000           -0.573667         0          
       439006.531250      6471616.500000           -0.501750         0          
       439006.531250      6471641.500000           -0.560750         0          
       439006.531250      6471666.500000           -0.524750         0          
       439006.531250      6471691.500000           -0.291333         0          
       439006.531250      6471716.500000           -0.267500         0          
       439006.531250      6471741.500000           -0.402500         0          
       439006.531250      6471766.500000           -0.276500         0          
       439006.531250      6471791.500000           -0.178500         0          
       439006.531250      6471816.500000           -0.201500         0          
       439006.531250      6471841.500000           -0.160000         0          
       438981.531250      6471816.500000           -0.119000         0          
       438981.531250      6471791.500000           -0.130333         0          
       438981.531250      6471766.500000           -0.363500         0          
       438956.531250      6471741.500000           -0.351000         0          
       438931.531250      6471741.500000           -0.425250         0          
       438906.531250      6471766.500000           -0.264250         0          
       438906.531250      6471791.500000           -0.214000         0          
       438881.531250      6471816.500000           -0.104000         0          
       438856.531250      6471841.500000           -0.539250         0          
       438856.531250      6471866.500000           -0.520750         0          
       438856.531250      6471891.500000           -0.425500         0          
       438856.531250      6471916.500000           -0.481000         0          
       438881.531250      6471941.500000           -0.313000         0          
       438881.531250      6471966.500000           -0.120000         0          
       438906.531250      6471991.500000           -0.244000         0          
       438931.531250      6471991.500000           -0.121667         0          
       438956.531250      6471966.500000           -0.135750         0          
       438981.531250      6471991.500000           -0.416250         0          
       439006.531250      6471966.500000           -0.192333         0          
       439006.531250      6471991.500000           -0.317250         0          
       439006.531250      6472016.500000           -0.423500         0          
       439006.531250      6472041.500000           -0.519750         0          
       439006.531250      6472066.500000           -0.421750         0          
       439006.531250      6472091.500000           -0.369000         0          
       438981.531250      6472116.500000           -0.391000         0          
       438956.531250      6472141.500000           -0.559000         0          
       438956.531250      6472166.500000           -0.505500         0          
       438956.531250      6472191.500000           -0.337000         0          
       438956.531250      6472216.500000           -0.280000         0          
       438956.531250      6472241.500000           -0.386000         0          
       438931.531250      6472266.500000           -0.160500         0          
       438931.531250      6472291.500000           -0.132500         0          
       438906.531250      6472291.500000           -0.195000         0          
       438906.531250      6472266.500000           -0.283333         0          
       438881.531250      6472241.500000           -0.259000         0          
       438856.531250      6472216.500000           -0.429500         0          
       438856.531250      6472191.500000           -0.373500         0          
       438856.531250      6472166.500000           -0.378750         0          
       438831.531250      6472141.500000           -0.501500         0          
       438806.531250      6472141.500000           -0.431000         0          
       438806.531250      6472116.500000           -0.611000         0          
       438781.531250      6472091.500000           -0.396000         0          
       438756.531250      6472116.500000           -0.347333         0          
       438756.531250      6472141.500000           -0.329500         0          
       438731.531250      6472166.500000           -0.248000         0          
       438706.531250      6472191.500000           -0.414250         0          
       438681.531250      6472191.500000           -0.190500         0          
       438656.531250      6472191.500000           -0.243000         0          
       438631.531250      6472216.500000           -0.266500         0          
       438631.531250      6472241.500000           -0.369000         0          
       438606.531250      6472241.500000           -0.380000         0          
       438606.531250      6472216.500000           -0.237500         0          
       438581.531250      6472191.500000           -0.525000         0          
       438556.531250      6472166.500000           -0.334000         0          
       438531.531250      6472141.500000           -0.331000         0          
       438506.531250      6472166.500000           -0.223333         0          
       438481.531250      6472166.500000           -0.203000         0          
       438456.531250      6472141.500000           -0.324333         0          
       438431.531250      6472141.500000           -0.272667         0          
       438406.531250      6472141.500000           -0.184000         0          
       438381.531250      6472116.500000           -0.393333         0          
       438356.531250      6472116.500000           -0.347500         0          
       438331.531250      6472091.500000           -0.315000         0          
       438306.531250      6472091.500000           -0.190000         0          
       438281.531250      6472066.500000           -0.453250         0          
       438256.531250      6472041.500000           -0.778750         0          
       438231.531250      6472041.500000           -0.394500         0          
       438206.531250      6472041.500000           -0.262000         0          
       438181.531250      6472016.500000           -0.377000         0          
       438181.531250      6471991.500000           -0.310500         0          
       438181.531250      6471966.500000           -0.496667         0          
       438181.531250      6471941.500000           -0.428250         0          
       438156.531250      6471916.500000           -0.471500         0          
       438156.531250      6471891.500000           -0.314000         0          
       438131.531250      6471866.500000           -0.412500         0          
       438106.531250      6471841.500000           -0.291000         0          
       438081.531250      6471841.500000           -0.287000         0          
       438081.531250      6471816.500000           -0.345500         0          
       438081.531250      6471791.500000           -0.353750         0          
       438081.531250      6471766.500000           -0.413000         0          
       438081.531250      6471741.500000           -0.284500         0          
       438081.531250      6471716.500000           -0.166000         0          
       438081.531250      6471691.500000           -0.296500         0          
       438081.531250      6471666.500000           -0.311667         0          
       438081.531250      6471641.500000           -0.396750         0          
       438081.531250      6471616.500000           -0.432000         0          
       438081.531250      6471591.500000           -0.493250         0          
       438081.531250      6471566.500000           -0.315000         0          
       438081.531250      6471541.500000           -0.370000         0          
       438081.531250      6471516.500000           -0.282500         0          
       438081.531250      6471491.500000           -0.281500         0          
       438081.531250      6471466.500000           -0.190000         0          
       438106.531250      6471466.500000           -0.220500         0          
       438131.531250      6471441.500000           -0.172500         0          
       438131.531250      6471416.500000           -0.301000         0          
       438131.531250      6471391.500000           -0.307500         0          
       438131.531250      6471366.500000           -0.343000         0          
       438156.531250      6471341.500000           -0.377250         0          
       438156.531250      6471316.500000           -0.254250         0          
       438156.531250      6471291.500000           -0.292000         0          
       438156.531250      6471266.500000           -0.224750         0          
       438156.531250      6471241.500000           -0.299250         0          
       438156.531250      6471216.500000           -0.298750         0          
       438181.531250      6471241.500000           -0.234000         0          
       438206.531250      6471216.500000           -0.515500         0          
       438206.531250      6471191.500000           -0.485500         0          
       438206.531250      6471166.500000           -0.512000         0          
       438206.531250      6471141.500000           -0.398000         0          
       438206.531250      6471116.500000           -0.302000         0          
       438231.531250      6471091.500000           -0.077500         0          
       438231.531250      6471066.500000           -0.187250         0          
       438231.531250      6471041.500000           -0.102000         0          
       438256.531250      6471016.500000           -0.323000         0          
       438256.531250      6470991.500000           -0.332000         0          
       438281.531250      6470966.500000           -0.417750         0          
       438281.531250      6470941.500000           -0.381000         0          
       438306.531250      6470916.500000           -0.377500         0          
       438331.531250      6470916.500000           -0.380000         0          
       438581.531250      6471041.500000           -0.264500         1          
       438556.531250      6471066.500000           -0.097500         1          
       438581.531250      6471091.500000           -0.092500         1          
       438556.531250      6471091.500000           -0.087667         1          
       438531.531250      6471116.500000           -0.271750         1          
       438531.531250      6471141.500000           -0.199250         1          
       438556.531250      6471166.500000           -0.293000         1          
       438581.531250      6471166.500000           -0.176000         1          
       438606.531250      6471166.500000           -0.117000         1          
       438581.531250      6471191.500000           -0.105500         1          
       438606.531250      6471216.500000           -0.160000         1          
       438581.531250      6471216.500000           -0.074500         1          
       438556.531250      6471241.500000           -0.186500         1          
       438531.531250      6471266.500000           -0.289000         1          
       438506.531250      6471291.500000           -0.357000         1          
       438506.531250      6471316.500000           -0.373000         1          
       438506.531250      6471341.500000           -0.183500         1          
       438531.531250      6471366.500000           -0.107333         1          
       438556.531250      6471341.500000           -0.129500         1          
       438581.531250      6471341.500000           -0.246000         1          
       438606.531250      6471341.500000           -0.286000         1          
       438631.531250      6471341.500000           -0.296250         1          
       438656.531250      6471316.500000           -0.269000         1          
       438681.531250      6471316.500000           -0.198000         1          
       438706.531250      6471316.500000           -0.391750         1          
       438731.531250      6471291.500000           -0.338667         1          
       438706.531250      6471266.500000           -0.223000         1          
       438681.531250      6471266.500000           -0.009000         1          
       438706.531250      6471241.500000           -0.275000         1          
       438681.531250      6471216.500000           -0.478500         1          
       438656.531250      6471216.500000           -0.613000         1          
       438631.531250      6471216.500000           -0.439000         1          
       438656.531250      6471191.500000           -0.170000         1          
       438631.531250      6471166.500000           -0.256000         1          
       438606.531250      6471166.500000           -0.117000         1          
       438631.531250      6471141.500000           -0.208500         1          
       438606.531250      6471116.500000           -0.099000         1          
       438581.531250      6471091.500000           -0.092500         1          
       438606.531250      6471066.500000           -0.549000         1          
       438581.531250      6471041.500000           -0.264500         1          
       438656.531250      6471066.500000           -0.481000         2          
       438631.531250      6471066.500000           -0.580000         2          
       438606.531250      6471091.500000           -0.209000         2          
       438631.531250      6471116.500000           -0.166000         2          
       438656.531250      6471116.500000           -0.272250         2          
       438681.531250      6471091.500000           -0.507000         2          
       438656.531250      6471066.500000           -0.481000         2          
       438556.531250      6471516.500000           -0.524500         3          
       438531.531250      6471516.500000           -0.490750         3          
       438506.531250      6471541.500000           -0.376500         3          
       438506.531250      6471566.500000           -0.233500         3          
       438481.531250      6471566.500000           -0.173000         3          
       438456.531250      6471591.500000           -0.622000         3          
       438481.531250      6471616.500000           -0.305000         3          
       438506.531250      6471641.500000           -0.506750         3          
       438506.531250      6471666.500000           -0.527250         3          
       438506.531250      6471691.500000           -0.346250         3          
       438531.531250      6471716.500000           -0.509500         3          
       438556.531250      6471691.500000           -0.529500         3          
       438556.531250      6471666.500000           -0.359500         3          
       438556.531250      6471641.500000           -0.258500         3          
       438581.531250      6471616.500000           -0.042000         3          
       438606.531250      6471616.500000           -0.058000         3          
       438581.531250      6471641.500000           -0.342000         3          
       438606.531250      6471666.500000           -0.353667         3          
       438631.531250      6471666.500000           -0.573000         3          
       438656.531250      6471641.500000           -0.358667         3          
       438631.531250      6471616.500000           -0.019000         3          
       438606.531250      6471616.500000           -0.058000         3          
       438631.531250      6471591.500000           -0.408000         3          
       438606.531250      6471566.500000           -0.408250         3          
       438581.531250      6471566.500000           -0.447333         3          
       438581.531250      6471541.500000           -0.419750         3          
       438556.531250      6471516.500000           -0.524500         3          
       438681.531250      6471641.500000           -0.349000         4          
       438656.531250      6471666.500000           -0.686000         4          
       438681.531250      6471691.500000           -0.587667         4          
       438706.531250      6471666.500000           -0.362667         4          
       438681.531250      6471641.500000           -0.349000         4          
