!                                                                               
! File exported from RMS.                                                       
!                                                                               
! Project:       Sleipner Reference Model 2019
! Date:          2019-03-15T08:57:24
!                                                                               
! Polygons/points Z-MAP file generated for 'L4_Amp_Boundary'.
! Coordinate system is ''.
!                                                                               
!-------------------------------------------------------------------------------
@FREE POINT        , DATA, 80, 1
X (EASTING)        , 1, 1,  1,             1, 20,,         1.0E+30,,,       4, 0
Y (NORTHING)       , 2, 2,  1,            21, 40,,         1.0E+30,,,       4, 0
Z VALUE            , 3, 3,  1,            41, 60,,         1.0E+30,,,       4, 0
SEG I.D.           , 4, 35, 1,            61, 70,,         1.0E+30,,,       0, 0
@
       438090.343750      6470082.000000           -0.511000         0          
       438115.343750      6470082.000000           -0.582000         0          
       438140.343750      6470082.000000           -0.537250         0          
       438165.343750      6470082.000000           -0.520000         0          
       438165.343750      6470107.000000           -0.630000         0          
       438190.343750      6470132.000000           -0.534000         0          
       438215.343750      6470157.000000           -0.529000         0          
       438240.343750      6470132.000000           -0.292000         0          
       438265.343750      6470157.000000           -0.320500         0          
       438290.343750      6470132.000000           -0.234000         0          
       438290.343750      6470157.000000           -0.335000         0          
       438290.343750      6470182.000000           -0.496000         0          
       438315.343750      6470207.000000           -0.528000         0          
       438315.343750      6470232.000000           -0.626500         0          
       438315.343750      6470257.000000           -0.368500         0          
       438315.343750      6470282.000000           -0.439500         0          
       438340.343750      6470307.000000           -0.341667         0          
       438365.343750      6470307.000000           -0.345750         0          
       438390.343750      6470282.000000           -0.386000         0          
       438390.343750      6470257.000000           -0.271000         0          
       438415.343750      6470282.000000           -0.479250         0          
       438440.343750      6470282.000000           -0.358000         0          
       438465.343750      6470307.000000           -0.294250         0          
       438490.343750      6470307.000000           -0.211000         0          
       438515.343750      6470307.000000           -0.282667         0          
       438540.343750      6470307.000000           -0.275000         0          
       438540.343750      6470332.000000           -0.216500         0          
       438565.343750      6470357.000000           -0.238000         0          
       438565.343750      6470382.000000           -0.137667         0          
       438565.343750      6470407.000000           -0.223250         0          
       438565.343750      6470432.000000           -0.274500         0          
       438590.343750      6470457.000000           -0.263500         0          
       438590.343750      6470482.000000           -0.264500         0          
       438590.343750      6470507.000000           -0.371000         0          
       438590.343750      6470532.000000           -0.297000         0          
       438590.343750      6470557.000000           -0.329000         0          
       438590.343750      6470582.000000           -0.284000         0          
       438615.343750      6470607.000000           -0.352750         0          
       438615.343750      6470632.000000           -0.391500         0          
       438640.343750      6470657.000000           -0.289000         0          
       438665.343750      6470682.000000           -0.246333         0          
       438690.343750      6470707.000000           -0.252667         0          
       438715.343750      6470707.000000           -0.226000         0          
       438740.343750      6470707.000000           -0.131000         0          
       438740.343750      6470732.000000           -0.096000         0          
       438765.343750      6470757.000000           -0.302000         0          
       438790.343750      6470782.000000           -0.320000         0          
       438790.343750      6470807.000000           -0.232500         0          
       438790.343750      6470832.000000           -0.210000         0          
       438790.343750      6470857.000000           -0.193500         0          
       438815.343750      6470882.000000           -0.097000         0          
       438815.343750      6470907.000000           -0.278500         0          
       438815.343750      6470932.000000           -0.243250         0          
       438840.343750      6470957.000000           -0.235000         0          
       438865.343750      6470982.000000           -0.227000         0          
       438890.343750      6470957.000000           -0.150000         0          
       438890.343750      6470982.000000           -0.138750         0          
       438915.343750      6471007.000000           -0.242000         0          
       438915.343750      6471032.000000           -0.250000         0          
       438915.343750      6471057.000000           -0.272000         0          
       438915.343750      6471082.000000           -0.240667         0          
       438915.343750      6471107.000000           -0.152500         0          
       438890.343750      6471132.000000           -0.169750         0          
       438915.343750      6471157.000000           -0.250000         0          
       438940.343750      6471157.000000           -0.238000         0          
       438965.343750      6471157.000000           -0.284250         0          
       438990.343750      6471132.000000           -0.240000         0          
       438990.343750      6471157.000000           -0.294000         0          
       439015.343750      6471182.000000           -0.280000         0          
       438990.343750      6471207.000000           -0.247750         0          
       439015.343750      6471232.000000           -0.256000         0          
       439040.343750      6471232.000000           -0.189500         0          
       439040.343750      6471257.000000           -0.249000         0          
       439040.343750      6471282.000000           -0.217000         0          
       439065.343750      6471307.000000           -0.301000         0          
       439090.343750      6471332.000000           -0.150000         0          
       439115.343750      6471332.000000           -0.025000         0          
       439090.343750      6471357.000000           -0.200500         0          
       439090.343750      6471382.000000           -0.210000         0          
       439115.343750      6471407.000000           -0.071000         0          
       439090.343750      6471407.000000           -0.209000         0          
       439065.343750      6471432.000000           -0.143000         0          
       439040.343750      6471432.000000           -0.363000         0          
       439015.343750      6471457.000000           -0.450250         0          
       439015.343750      6471482.000000           -0.293000         0          
       439015.343750      6471507.000000           -0.267500         0          
       438990.343750      6471482.000000           -0.213000         0          
       438990.343750      6471457.000000           -0.272667         0          
       438965.343750      6471432.000000           -0.398000         0          
       438965.343750      6471407.000000           -0.290333         0          
       438940.343750      6471382.000000           -0.168000         0          
       438965.343750      6471357.000000           -0.348333         0          
       438965.343750      6471332.000000           -0.385750         0          
       438965.343750      6471307.000000           -0.236000         0          
       438965.343750      6471282.000000           -0.305500         0          
       438940.343750      6471257.000000           -0.279500         0          
       438915.343750      6471257.000000           -0.317500         0          
       438890.343750      6471257.000000           -0.223500         0          
       438865.343750      6471282.000000           -0.154000         0          
       438890.343750      6471307.000000           -0.051000         0          
       438865.343750      6471332.000000           -0.353250         0          
       438865.343750      6471357.000000           -0.244000         0          
       438865.343750      6471382.000000           -0.229000         0          
       438865.343750      6471407.000000           -0.182000         0          
       438840.343750      6471432.000000           -0.133000         0          
       438865.343750      6471457.000000           -0.197500         0          
       438865.343750      6471482.000000           -0.320250         0          
       438865.343750      6471507.000000           -0.234250         0          
       438840.343750      6471532.000000           -0.112000         0          
       438815.343750      6471532.000000           -0.163667         0          
       438790.343750      6471507.000000           -0.308000         0          
       438765.343750      6471482.000000           -0.007000         0          
       438765.343750      6471457.000000           -0.119000         0          
       438740.343750      6471432.000000           -0.198000         0          
       438715.343750      6471457.000000           -0.229750         0          
       438690.343750      6471457.000000           -0.319750         0          
       438665.343750      6471482.000000           -0.235500         0          
       438690.343750      6471507.000000           -0.190000         0          
       438715.343750      6471532.000000           -0.342500         0          
       438740.343750      6471532.000000           -0.246250         0          
       438765.343750      6471532.000000           -0.151000         0          
       438765.343750      6471557.000000           -0.198000         0          
       438765.343750      6471582.000000           -0.382333         0          
       438790.343750      6471607.000000           -0.348000         0          
       438765.343750      6471632.000000           -0.289000         0          
       438740.343750      6471632.000000           -0.275000         0          
       438715.343750      6471632.000000           -0.219333         0          
       438690.343750      6471632.000000           -0.314500         0          
       438665.343750      6471632.000000           -0.381250         0          
       438640.343750      6471657.000000           -0.546000         0          
       438615.343750      6471657.000000           -0.630000         0          
       438615.343750      6471632.000000           -0.567000         0          
       438590.343750      6471607.000000           -0.779000         0          
       438590.343750      6471582.000000           -0.810000         0          
       438590.343750      6471557.000000           -0.655500         0          
       438590.343750      6471532.000000           -0.554333         0          
       438590.343750      6471507.000000           -0.428000         0          
       438590.343750      6471482.000000           -0.298500         0          
       438590.343750      6471457.000000           -0.390000         0          
       438590.343750      6471432.000000           -0.310000         0          
       438590.343750      6471407.000000           -0.511000         0          
       438590.343750      6471382.000000           -0.621000         0          
       438590.343750      6471357.000000           -0.506500         0          
       438590.343750      6471332.000000           -0.221000         0          
       438590.343750      6471307.000000           -0.552000         0          
       438590.343750      6471282.000000           -0.362000         0          
       438590.343750      6471257.000000           -0.357000         0          
       438615.343750      6471232.000000           -0.555000         0          
       438640.343750      6471207.000000           -0.370750         0          
       438665.343750      6471182.000000           -0.206000         0          
       438665.343750      6471157.000000           -0.180000         0          
       438640.343750      6471132.000000           -0.270500         0          
       438640.343750      6471107.000000           -0.261000         0          
       438640.343750      6471082.000000           -0.204667         0          
       438640.343750      6471057.000000           -0.219500         0          
       438640.343750      6471032.000000           -0.293750         0          
       438640.343750      6471007.000000           -0.319500         0          
       438615.343750      6470982.000000           -0.100000         0          
       438590.343750      6470982.000000           -0.059000         0          
       438565.343750      6470982.000000           -0.097333         0          
       438540.343750      6471007.000000           -0.099000         0          
       438515.343750      6470982.000000           -0.317000         0          
       438540.343750      6470957.000000           -0.403500         0          
       438540.343750      6470932.000000           -0.277000         0          
       438515.343750      6470907.000000           -0.271333         0          
       438490.343750      6470907.000000           -0.297250         0          
       438465.343750      6470932.000000           -0.136000         0          
       438440.343750      6470932.000000           -0.179000         0          
       438415.343750      6470932.000000           -0.129500         0          
       438390.343750      6470932.000000           -0.010000         0          
       438390.343750      6470907.000000           -0.256000         0          
       438390.343750      6470882.000000           -0.286667         0          
       438365.343750      6470857.000000           -0.338667         0          
       438340.343750      6470882.000000           -0.154000         0          
       438340.343750      6470857.000000           -0.259000         0          
       438340.343750      6470832.000000           -0.339750         0          
       438315.343750      6470807.000000           -0.409000         0          
       438290.343750      6470832.000000           -0.270250         0          
       438290.343750      6470857.000000           -0.234000         0          
       438290.343750      6470882.000000           -0.123000         0          
       438265.343750      6470882.000000           -0.117000         0          
       438265.343750      6470857.000000           -0.197500         0          
       438240.343750      6470832.000000           -0.366500         0          
       438215.343750      6470857.000000           -0.169000         0          
       438190.343750      6470832.000000           -0.296000         0          
       438190.343750      6470807.000000           -0.441000         0          
       438190.343750      6470782.000000           -0.512750         0          
       438190.343750      6470757.000000           -0.337250         0          
       438190.343750      6470732.000000           -0.288750         0          
       438190.343750      6470707.000000           -0.491250         0          
       438190.343750      6470682.000000           -0.541500         0          
       438190.343750      6470657.000000           -0.387000         0          
       438165.343750      6470632.000000           -0.530500         0          
       438140.343750      6470657.000000           -0.506000         0          
       438115.343750      6470682.000000           -0.402000         0          
       438090.343750      6470707.000000           -0.428000         0          
       438065.343750      6470732.000000           -0.262500         0          
       438040.343750      6470732.000000           -0.164000         0          
       438040.343750      6470707.000000           -0.364500         0          
       438040.343750      6470682.000000           -0.445500         0          
       438040.343750      6470657.000000           -0.497333         0          
       438040.343750      6470632.000000           -0.396500         0          
       438040.343750      6470607.000000           -0.427000         0          
       438040.343750      6470582.000000           -0.467500         0          
       438040.343750      6470557.000000           -0.662750         0          
       438040.343750      6470532.000000           -0.682500         0          
       438040.343750      6470507.000000           -0.685750         0          
       438040.343750      6470482.000000           -0.498000         0          
       438040.343750      6470457.000000           -0.527000         0          
       438040.343750      6470432.000000           -0.510250         0          
       438040.343750      6470407.000000           -0.358250         0          
       438040.343750      6470382.000000           -0.075000         0          
       438040.343750      6470357.000000           -0.313000         0          
       438040.343750      6470332.000000           -0.446500         0          
       438040.343750      6470307.000000           -0.499000         0          
       438040.343750      6470282.000000           -0.363000         0          
       438065.343750      6470257.000000           -0.442250         0          
       438065.343750      6470232.000000           -0.313500         0          
       438090.343750      6470207.000000           -0.533750         0          
       438090.343750      6470182.000000           -0.553500         0          
       438090.343750      6470157.000000           -0.594250         0          
       438090.343750      6470132.000000           -0.618500         0          
       438090.343750      6470107.000000           -0.638000         0          
       438090.343750      6470082.000000           -0.511000         0          
       438415.343750      6470582.000000           -0.692000         1          
       438390.343750      6470607.000000           -0.343750         1          
       438415.343750      6470632.000000           -0.450000         1          
       438440.343750      6470657.000000           -0.580000         1          
       438465.343750      6470632.000000           -0.437000         1          
       438440.343750      6470607.000000           -0.477000         1          
       438415.343750      6470582.000000           -0.692000         1          
       438715.343750      6471207.000000           -0.413000         2          
       438690.343750      6471232.000000           -0.523250         2          
       438715.343750      6471257.000000           -0.224333         2          
       438740.343750      6471232.000000           -0.318000         2          
       438715.343750      6471207.000000           -0.413000         2          
       438815.343750      6471282.000000           -0.419500         3          
       438790.343750      6471307.000000           -0.322000         3          
       438815.343750      6471332.000000           -0.170000         3          
       438840.343750      6471307.000000           -0.264750         3          
       438815.343750      6471282.000000           -0.419500         3          
       439015.343750      6471507.000000           -0.267500         4          
       439040.343750      6471532.000000           -0.198500         4          
       439065.343750      6471532.000000           -0.185000         4          
       439090.343750      6471532.000000           -0.161500         4          
       439115.343750      6471532.000000           -0.047500         4          
       439115.343750      6471557.000000           -0.060000         4          
       439090.343750      6471557.000000           -0.163000         4          
       439065.343750      6471582.000000           -0.180000         4          
       439090.343750      6471607.000000           -0.079000         4          
       439090.343750      6471632.000000           -0.162000         4          
       439065.343750      6471657.000000           -0.323500         4          
       439090.343750      6471682.000000           -0.152000         4          
       439065.343750      6471707.000000           -0.402500         4          
       439065.343750      6471732.000000           -0.226250         4          
       439090.343750      6471757.000000           -0.057000         4          
       439090.343750      6471782.000000           -0.117000         4          
       439090.343750      6471807.000000           -0.313500         4          
       439090.343750      6471832.000000           -0.267667         4          
       439090.343750      6471857.000000           -0.255667         4          
       439090.343750      6471882.000000           -0.287000         4          
       439065.343750      6471882.000000           -0.289250         4          
       439040.343750      6471907.000000           -0.307000         4          
       439065.343750      6471932.000000           -0.369000         4          
       439090.343750      6471957.000000           -0.264250         4          
       439090.343750      6471982.000000           -0.424000         4          
       439090.343750      6472007.000000           -0.219500         4          
       439065.343750      6472007.000000           -0.393667         4          
       439040.343750      6472007.000000           -0.567750         4          
       439015.343750      6472007.000000           -0.797000         4          
       438990.343750      6472032.000000           -0.420000         4          
       438990.343750      6472007.000000           -0.518000         4          
       438965.343750      6471982.000000           -0.443000         4          
       438965.343750      6471957.000000           -0.327500         4          
       438940.343750      6471932.000000           -0.474250         4          
       438915.343750      6471957.000000           -0.434500         4          
       438915.343750      6471982.000000           -0.270000         4          
       438890.343750      6471957.000000           -0.318333         4          
       438890.343750      6471932.000000           -0.561750         4          
       438890.343750      6471907.000000           -0.385500         4          
       438890.343750      6471882.000000           -0.501750         4          
       438865.343750      6471857.000000           -0.301000         4          
       438865.343750      6471832.000000           -0.272000         4          
       438865.343750      6471807.000000           -0.101500         4          
       438890.343750      6471782.000000           -0.452000         4          
       438890.343750      6471757.000000           -0.324333         4          
       438890.343750      6471732.000000           -0.303333         4          
       438890.343750      6471707.000000           -0.334000         4          
       438915.343750      6471682.000000           -0.329667         4          
       438915.343750      6471657.000000           -0.312667         4          
       438890.343750      6471632.000000           -0.220750         4          
       438865.343750      6471632.000000           -0.219000         4          
       438890.343750      6471607.000000           -0.075500         4          
       438915.343750      6471582.000000           -0.079000         4          
       438940.343750      6471582.000000           -0.348000         4          
       438965.343750      6471557.000000           -0.175667         4          
       438990.343750      6471557.000000           -0.341500         4          
       439015.343750      6471532.000000           -0.288333         4          
       439015.343750      6471507.000000           -0.267500         4          
       438790.343750      6472082.000000           -0.161000         5          
       438815.343750      6472057.000000           -0.395000         5          
       438840.343750      6472057.000000           -0.283000         5          
       438840.343750      6472082.000000           -0.323000         5          
       438865.343750      6472107.000000           -0.364000         5          
       438890.343750      6472107.000000           -0.125000         5          
       438890.343750      6472132.000000           -0.120000         5          
       438915.343750      6472157.000000           -0.107750         5          
       438940.343750      6472157.000000           -0.118000         5          
       438965.343750      6472132.000000           -0.017000         5          
       438990.343750      6472132.000000           -0.192500         5          
       439015.343750      6472157.000000           -0.688500         5          
       439040.343750      6472132.000000           -0.328000         5          
       439015.343750      6472107.000000           -0.577000         5          
       438990.343750      6472082.000000           -0.128000         5          
       439015.343750      6472082.000000           -0.437000         5          
       439040.343750      6472082.000000           -0.535500         5          
       439065.343750      6472082.000000           -0.319000         5          
       439090.343750      6472107.000000           -0.128000         5          
       439115.343750      6472132.000000           -0.111000         5          
       439115.343750      6472157.000000           -0.218000         5          
       439115.343750      6472182.000000           -0.270500         5          
       439090.343750      6472207.000000           -0.326000         5          
       439090.343750      6472232.000000           -0.371250         5          
       439115.343750      6472257.000000           -0.183000         5          
       439115.343750      6472282.000000           -0.419000         5          
       439115.343750      6472307.000000           -0.319500         5          
       439090.343750      6472332.000000           -0.593333         5          
       439115.343750      6472357.000000           -0.312000         5          
       439115.343750      6472382.000000           -0.159000         5          
       439115.343750      6472407.000000           -0.310000         5          
       439090.343750      6472407.000000           -0.524000         5          
       439065.343750      6472407.000000           -0.502750         5          
       439040.343750      6472407.000000           -0.505667         5          
       439015.343750      6472407.000000           -0.532500         5          
       438990.343750      6472407.000000           -0.341000         5          
       438965.343750      6472382.000000           -0.397500         5          
       438940.343750      6472357.000000           -0.252000         5          
       438915.343750      6472332.000000           -0.375000         5          
       438890.343750      6472332.000000           -0.340000         5          
       438865.343750      6472332.000000           -0.478500         5          
       438840.343750      6472332.000000           -0.464000         5          
       438815.343750      6472307.000000           -0.357000         5          
       438815.343750      6472282.000000           -0.369000         5          
       438815.343750      6472257.000000           -0.475250         5          
       438790.343750      6472232.000000           -0.468667         5          
       438765.343750      6472232.000000           -0.356000         5          
       438765.343750      6472207.000000           -0.652000         5          
       438765.343750      6472182.000000           -0.570667         5          
       438765.343750      6472157.000000           -0.442500         5          
       438765.343750      6472132.000000           -0.119000         5          
       438765.343750      6472107.000000           -0.124000         5          
       438790.343750      6472082.000000           -0.161000         5          
       438890.343750      6472157.000000           -0.208000         6          
       438865.343750      6472182.000000           -0.522000         6          
       438890.343750      6472207.000000           -0.280750         6          
       438915.343750      6472182.000000           -0.167750         6          
       438890.343750      6472157.000000           -0.208000         6          
