!                                                                               
! File exported from RMS.                                                       
!                                                                               
! Project:       Sleipner Reference Model 2019
! Date:          2019-03-15T08:57:07
!                                                                               
! Polygons/points Z-MAP file generated for 'L5_Amp_Boundary'.
! Coordinate system is ''.
!                                                                               
!-------------------------------------------------------------------------------
@FREE POINT        , DATA, 80, 1
X (EASTING)        , 1, 1,  1,             1, 20,,         1.0E+30,,,       4, 0
Y (NORTHING)       , 2, 2,  1,            21, 40,,         1.0E+30,,,       4, 0
Z VALUE            , 3, 3,  1,            41, 60,,         1.0E+30,,,       4, 0
SEG I.D.           , 4, 35, 1,            61, 70,,         1.0E+30,,,       0, 0
@
       438053.593750      6470020.000000           -0.416250         0          
       438078.593750      6469995.000000           -0.437000         0          
       438103.593750      6470020.000000           -0.503500         0          
       438128.593750      6470020.000000           -0.491500         0          
       438153.593750      6470020.000000           -0.405000         0          
       438178.593750      6470045.000000           -0.632750         0          
       438203.593750      6470045.000000           -0.548333         0          
       438228.593750      6470045.000000           -0.500000         0          
       438253.593750      6470045.000000           -0.563000         0          
       438278.593750      6470070.000000           -0.560750         0          
       438303.593750      6470070.000000           -0.481000         0          
       438328.593750      6470095.000000           -0.497500         0          
       438353.593750      6470095.000000           -0.595000         0          
       438378.593750      6470120.000000           -0.464500         0          
       438403.593750      6470145.000000           -0.738000         0          
       438428.593750      6470170.000000           -0.764667         0          
       438453.593750      6470170.000000           -0.109000         0          
       438453.593750      6470195.000000           -0.595500         0          
       438453.593750      6470220.000000           -0.558000         0          
       438453.593750      6470245.000000           -0.690000         0          
       438478.593750      6470270.000000           -0.282000         0          
       438478.593750      6470295.000000           -0.710000         0          
       438503.593750      6470320.000000           -0.387000         0          
       438528.593750      6470320.000000           -0.118000         0          
       438553.593750      6470345.000000           -0.612000         0          
       438553.593750      6470370.000000           -0.797000         0          
       438578.593750      6470395.000000           -0.318000         0          
       438603.593750      6470420.000000           -0.501000         0          
       438603.593750      6470445.000000           -0.550500         0          
       438603.593750      6470470.000000           -0.517000         0          
       438603.593750      6470495.000000           -0.501500         0          
       438603.593750      6470520.000000           -0.472667         0          
       438603.593750      6470545.000000           -0.688000         0          
       438603.593750      6470570.000000           -0.476500         0          
       438603.593750      6470595.000000           -0.325000         0          
       438603.593750      6470620.000000           -0.524000         0          
       438628.593750      6470645.000000           -0.479500         0          
       438653.593750      6470645.000000           -0.485000         0          
       438678.593750      6470645.000000           -0.351000         0          
       438678.593750      6470670.000000           -0.472500         0          
       438703.593750      6470695.000000           -0.479000         0          
       438728.593750      6470720.000000           -0.423250         0          
       438728.593750      6470745.000000           -0.452000         0          
       438753.593750      6470770.000000           -0.590000         0          
       438778.593750      6470770.000000           -0.280000         0          
       438778.593750      6470795.000000           -0.194000         0          
       438778.593750      6470820.000000           -0.478500         0          
       438803.593750      6470845.000000           -0.534500         0          
       438828.593750      6470870.000000           -0.492000         0          
       438853.593750      6470895.000000           -0.454000         0          
       438853.593750      6470920.000000           -0.586667         0          
       438878.593750      6470945.000000           -0.430000         0          
       438903.593750      6470970.000000           -0.449500         0          
       438903.593750      6470995.000000           -0.465250         0          
       438928.593750      6471020.000000           -0.388500         0          
       438928.593750      6471045.000000           -0.478500         0          
       438953.593750      6471070.000000           -0.418000         0          
       438953.593750      6471095.000000           -0.330000         0          
       438953.593750      6471120.000000           -0.348500         0          
       438978.593750      6471145.000000           -0.386000         0          
       438978.593750      6471170.000000           -0.618500         0          
       439003.593750      6471195.000000           -0.577000         0          
       439003.593750      6471220.000000           -0.854000         0          
       439028.593750      6471245.000000           -0.497500         0          
       439053.593750      6471270.000000           -0.422000         0          
       439078.593750      6471295.000000           -0.297000         0          
       439078.593750      6471320.000000           -0.541750         0          
       439078.593750      6471345.000000           -0.929000         0          
       439103.593750      6471370.000000           -0.362000         0          
       439103.593750      6471395.000000           -0.506000         0          
       439103.593750      6471420.000000           -0.714500         0          
       439103.593750      6471445.000000           -0.793500         0          
       439103.593750      6471470.000000           -0.564000         0          
       439128.593750      6471495.000000           -0.796000         0          
       439153.593750      6471495.000000           -0.695500         0          
       439178.593750      6471495.000000           -0.612750         0          
       439203.593750      6471495.000000           -0.492250         0          
       439228.593750      6471520.000000           -0.755333         0          
       439253.593750      6471545.000000           -0.719000         0          
       439278.593750      6471570.000000           -0.673667         0          
       439278.593750      6471595.000000           -0.543250         0          
       439303.593750      6471620.000000           -0.616000         0          
       439303.593750      6471645.000000           -0.800500         0          
       439328.593750      6471670.000000           -0.727500         0          
       439353.593750      6471695.000000           -0.515000         0          
       439378.593750      6471720.000000           -0.568000         0          
       439403.593750      6471745.000000           -0.557500         0          
       439428.593750      6471745.000000           -0.237000         0          
       439453.593750      6471770.000000           -0.314000         0          
       439453.593750      6471795.000000           -0.513000         0          
       439453.593750      6471820.000000           -0.647500         0          
       439453.593750      6471845.000000           -0.527500         0          
       439453.593750      6471870.000000           -0.416000         0          
       439428.593750      6471895.000000           -0.807750         0          
       439428.593750      6471920.000000           -0.738500         0          
       439428.593750      6471945.000000           -0.575000         0          
       439428.593750      6471970.000000           -0.509500         0          
       439428.593750      6471995.000000           -0.450250         0          
       439428.593750      6472020.000000           -0.583000         0          
       439428.593750      6472045.000000           -0.634750         0          
       439428.593750      6472070.000000           -0.496500         0          
       439453.593750      6472095.000000           -0.334000         0          
       439428.593750      6472095.000000           -0.479000         0          
       439403.593750      6472120.000000           -0.362000         0          
       439378.593750      6472145.000000           -0.402667         0          
       439378.593750      6472170.000000           -0.286500         0          
       439403.593750      6472195.000000           -0.309000         0          
       439403.593750      6472220.000000           -0.845250         0          
       439428.593750      6472245.000000           -0.814000         0          
       439453.593750      6472220.000000           -0.227000         0          
       439453.593750      6472245.000000           -0.430500         0          
       439453.593750      6472270.000000           -0.395000         0          
       439478.593750      6472295.000000           -0.366500         0          
       439503.593750      6472295.000000           -0.075000         0          
       439503.593750      6472320.000000           -0.443000         0          
       439503.593750      6472345.000000           -0.791500         0          
       439503.593750      6472370.000000           -0.818000         0          
       439503.593750      6472395.000000           -0.614000         0          
       439503.593750      6472420.000000           -0.392000         0          
       439503.593750      6472445.000000           -0.301500         0          
       439503.593750      6472470.000000           -0.737500         0          
       439528.593750      6472495.000000           -0.672000         0          
       439553.593750      6472520.000000           -0.474000         0          
       439578.593750      6472545.000000           -0.553000         0          
       439578.593750      6472570.000000           -0.527000         0          
       439603.593750      6472595.000000           -0.421000         0          
       439603.593750      6472620.000000           -0.316333         0          
       439603.593750      6472645.000000           -0.427000         0          
       439603.593750      6472670.000000           -0.496667         0          
       439603.593750      6472695.000000           -0.683750         0          
       439603.593750      6472720.000000           -0.824750         0          
       439603.593750      6472745.000000           -0.836000         0          
       439603.593750      6472770.000000           -0.753250         0          
       439603.593750      6472795.000000           -0.642750         0          
       439603.593750      6472820.000000           -0.493000         0          
       439603.593750      6472845.000000           -0.386500         0          
       439603.593750      6472870.000000           -0.332000         0          
       439578.593750      6472895.000000           -0.498500         0          
       439578.593750      6472920.000000           -0.501333         0          
       439578.593750      6472945.000000           -0.391000         0          
       439578.593750      6472970.000000           -0.316000         0          
       439553.593750      6472970.000000           -0.445500         0          
       439528.593750      6472970.000000           -0.605667         0          
       439503.593750      6472995.000000           -0.421333         0          
       439503.593750      6473020.000000           -0.388000         0          
       439478.593750      6473020.000000           -0.409000         0          
       439453.593750      6473045.000000           -0.295500         0          
       439428.593750      6473070.000000           -0.402000         0          
       439403.593750      6473095.000000           -0.470500         0          
       439378.593750      6473095.000000           -0.485000         0          
       439353.593750      6473095.000000           -0.403500         0          
       439328.593750      6473095.000000           -0.372500         0          
       439303.593750      6473070.000000           -0.397000         0          
       439278.593750      6473070.000000           -0.220000         0          
       439253.593750      6473045.000000           -0.411750         0          
       439228.593750      6473045.000000           -0.238750         0          
       439203.593750      6473045.000000           -0.337750         0          
       439178.593750      6473070.000000           -0.383000         0          
       439153.593750      6473070.000000           -0.438000         0          
       439128.593750      6473095.000000           -0.496500         0          
       439103.593750      6473120.000000           -0.766000         0          
       439128.593750      6473145.000000           -0.455500         0          
       439103.593750      6473145.000000           -0.546250         0          
       439078.593750      6473145.000000           -0.632000         0          
       439053.593750      6473145.000000           -0.550000         0          
       439028.593750      6473145.000000           -0.351250         0          
       439003.593750      6473145.000000           -0.362000         0          
       438978.593750      6473170.000000           -0.244000         0          
       438953.593750      6473195.000000           -0.619333         0          
       438953.593750      6473220.000000           -0.282000         0          
       438953.593750      6473245.000000           -0.519000         0          
       438928.593750      6473270.000000           -0.556000         0          
       438928.593750      6473295.000000           -0.503250         0          
       438928.593750      6473320.000000           -0.443000         0          
       438903.593750      6473345.000000           -0.499667         0          
       438903.593750      6473370.000000           -0.281500         0          
       438878.593750      6473370.000000           -0.417000         0          
       438853.593750      6473395.000000           -0.476000         0          
       438878.593750      6473420.000000           -0.504500         0          
       438853.593750      6473420.000000           -0.634250         0          
       438828.593750      6473420.000000           -0.583000         0          
       438803.593750      6473420.000000           -0.403000         0          
       438803.593750      6473395.000000           -0.387000         0          
       438778.593750      6473370.000000           -0.278000         0          
       438778.593750      6473345.000000           -0.458000         0          
       438753.593750      6473320.000000           -0.362333         0          
       438728.593750      6473295.000000           -0.535000         0          
       438728.593750      6473270.000000           -0.555500         0          
       438703.593750      6473245.000000           -0.372500         0          
       438678.593750      6473245.000000           -0.149000         0          
       438678.593750      6473220.000000           -0.499000         0          
       438653.593750      6473195.000000           -0.524500         0          
       438653.593750      6473170.000000           -0.546500         0          
       438653.593750      6473145.000000           -0.656500         0          
       438653.593750      6473120.000000           -0.634333         0          
       438653.593750      6473095.000000           -0.736500         0          
       438653.593750      6473070.000000           -0.823000         0          
       438628.593750      6473045.000000           -0.579000         0          
       438628.593750      6473020.000000           -0.601000         0          
       438628.593750      6472995.000000           -0.662000         0          
       438628.593750      6472970.000000           -0.379000         0          
       438628.593750      6472945.000000           -0.524500         0          
       438628.593750      6472920.000000           -0.519500         0          
       438628.593750      6472895.000000           -0.467000         0          
       438628.593750      6472870.000000           -0.622250         0          
       438628.593750      6472845.000000           -0.585750         0          
       438603.593750      6472820.000000           -0.570000         0          
       438628.593750      6472795.000000           -0.837000         0          
       438603.593750      6472770.000000           -0.631000         0          
       438628.593750      6472745.000000           -0.758500         0          
       438628.593750      6472720.000000           -0.603750         0          
       438628.593750      6472695.000000           -0.617000         0          
       438628.593750      6472670.000000           -0.563000         0          
       438628.593750      6472645.000000           -0.598000         0          
       438628.593750      6472620.000000           -0.370000         0          
       438628.593750      6472595.000000           -0.555250         0          
       438628.593750      6472570.000000           -0.630250         0          
       438628.593750      6472545.000000           -0.566000         0          
       438603.593750      6472520.000000           -0.563667         0          
       438578.593750      6472495.000000           -0.618667         0          
       438553.593750      6472470.000000           -0.428000         0          
       438528.593750      6472445.000000           -0.526333         0          
       438503.593750      6472445.000000           -0.403333         0          
       438478.593750      6472445.000000           -0.395000         0          
       438478.593750      6472420.000000           -0.539500         0          
       438453.593750      6472395.000000           -1.026000         0          
       438428.593750      6472395.000000           -0.964000         0          
       438403.593750      6472395.000000           -0.643000         0          
       438378.593750      6472395.000000           -0.369500         0          
       438353.593750      6472370.000000           -0.690750         0          
       438328.593750      6472395.000000           -0.247000         0          
       438303.593750      6472370.000000           -0.464500         0          
       438303.593750      6472345.000000           -0.869500         0          
       438278.593750      6472320.000000           -0.517333         0          
       438253.593750      6472295.000000           -0.451250         0          
       438228.593750      6472270.000000           -0.448000         0          
       438228.593750      6472245.000000           -0.562333         0          
       438203.593750      6472220.000000           -0.387500         0          
       438203.593750      6472195.000000           -0.633500         0          
       438203.593750      6472170.000000           -0.779250         0          
       438203.593750      6472145.000000           -0.777250         0          
       438203.593750      6472120.000000           -1.020000         0          
       438178.593750      6472095.000000           -0.796000         0          
       438178.593750      6472070.000000           -0.679250         0          
       438153.593750      6472045.000000           -0.402667         0          
       438153.593750      6472020.000000           -0.532000         0          
       438153.593750      6471995.000000           -0.553500         0          
       438128.593750      6471970.000000           -0.390500         0          
       438128.593750      6471945.000000           -0.621667         0          
       438103.593750      6471920.000000           -0.526500         0          
       438103.593750      6471895.000000           -0.498500         0          
       438103.593750      6471870.000000           -0.747500         0          
       438103.593750      6471845.000000           -0.709333         0          
       438103.593750      6471820.000000           -0.636500         0          
       438078.593750      6471795.000000           -0.533750         0          
       438053.593750      6471795.000000           -0.387000         0          
       438028.593750      6471795.000000           -0.376000         0          
       438028.593750      6471770.000000           -0.538000         0          
       438053.593750      6471770.000000           -0.451000         0          
       438078.593750      6471770.000000           -0.552000         0          
       438103.593750      6471770.000000           -0.591500         0          
       438128.593750      6471745.000000           -0.261750         0          
       438128.593750      6471720.000000           -0.195500         0          
       438103.593750      6471695.000000           -0.313667         0          
       438078.593750      6471670.000000           -0.359000         0          
       438053.593750      6471670.000000           -0.341750         0          
       438028.593750      6471670.000000           -0.286333         0          
       438003.593750      6471670.000000           -0.301000         0          
       437978.593750      6471670.000000           -0.166000         0          
       437953.593750      6471645.000000           -0.497500         0          
       437928.593750      6471645.000000           -0.314500         0          
       437903.593750      6471645.000000           -0.337000         0          
       437928.593750      6471620.000000           -0.443250         0          
       437928.593750      6471595.000000           -0.411250         0          
       437928.593750      6471570.000000           -0.377500         0          
       437928.593750      6471545.000000           -0.330500         0          
       437928.593750      6471520.000000           -0.324000         0          
       437953.593750      6471495.000000           -0.231000         0          
       437978.593750      6471495.000000           -0.364000         0          
       438003.593750      6471470.000000           -0.173000         0          
       438028.593750      6471445.000000           -0.419500         0          
       438028.593750      6471420.000000           -0.388500         0          
       438003.593750      6471395.000000           -0.287333         0          
       438003.593750      6471370.000000           -0.271500         0          
       438003.593750      6471345.000000           -0.400500         0          
       438028.593750      6471320.000000           -0.525333         0          
       438028.593750      6471295.000000           -0.432000         0          
       438053.593750      6471270.000000           -0.731000         0          
       438053.593750      6471245.000000           -0.581250         0          
       438053.593750      6471220.000000           -0.463000         0          
       438078.593750      6471195.000000           -0.382000         0          
       438103.593750      6471170.000000           -0.459000         0          
       438103.593750      6471145.000000           -0.609000         0          
       438103.593750      6471120.000000           -0.364000         0          
       438103.593750      6471095.000000           -0.488000         0          
       438103.593750      6471070.000000           -0.459500         0          
       438103.593750      6471045.000000           -0.596000         0          
       438103.593750      6471020.000000           -0.461750         0          
       438103.593750      6470995.000000           -0.538500         0          
       438103.593750      6470970.000000           -0.495000         0          
       438078.593750      6470945.000000           -0.481500         0          
       438053.593750      6470945.000000           -0.146000         0          
       438028.593750      6470920.000000           -0.196000         0          
       438003.593750      6470895.000000           -0.592500         0          
       437978.593750      6470870.000000           -0.471500         0          
       437953.593750      6470845.000000           -0.350000         0          
       437953.593750      6470820.000000           -0.651000         0          
       437953.593750      6470795.000000           -0.481000         0          
       437928.593750      6470770.000000           -0.325500         0          
       437928.593750      6470745.000000           -0.321000         0          
       437928.593750      6470720.000000           -0.500000         0          
       437928.593750      6470695.000000           -0.562250         0          
       437928.593750      6470670.000000           -0.637250         0          
       437928.593750      6470645.000000           -0.404000         0          
       437928.593750      6470620.000000           -0.470500         0          
       437928.593750      6470595.000000           -0.412250         0          
       437903.593750      6470570.000000           -0.407667         0          
       437903.593750      6470545.000000           -0.580750         0          
       437903.593750      6470520.000000           -0.687000         0          
       437903.593750      6470495.000000           -0.734500         0          
       437903.593750      6470470.000000           -0.739250         0          
       437903.593750      6470445.000000           -0.643750         0          
       437903.593750      6470420.000000           -0.632000         0          
       437903.593750      6470395.000000           -0.571750         0          
       437903.593750      6470370.000000           -0.684750         0          
       437903.593750      6470345.000000           -0.636000         0          
       437903.593750      6470320.000000           -0.631250         0          
       437903.593750      6470295.000000           -0.523500         0          
       437903.593750      6470270.000000           -0.385500         0          
       437903.593750      6470245.000000           -0.328000         0          
       437903.593750      6470220.000000           -0.463500         0          
       437903.593750      6470195.000000           -0.440000         0          
       437903.593750      6470170.000000           -0.663500         0          
       437928.593750      6470145.000000           -0.552500         0          
       437928.593750      6470120.000000           -0.356000         0          
       437953.593750      6470095.000000           -0.381500         0          
       437978.593750      6470095.000000           -0.539000         0          
       438003.593750      6470070.000000           -0.586750         0          
       438028.593750      6470045.000000           -0.401750         0          
       438028.593750      6470020.000000           -0.365667         0          
       438053.593750      6470020.000000           -0.416250         0          
