!                                                                               
! File exported from RMS.                                                       
!                                                                               
! Project:       Sleipner Reference Model 2019
! Date:          2019-03-15T08:56:58
!                                                                               
! Polygons/points Z-MAP file generated for 'L6_Amp_Boundary'.
! Coordinate system is ''.
!                                                                               
!-------------------------------------------------------------------------------
@FREE POINT        , DATA, 80, 1
X (EASTING)        , 1, 1,  1,             1, 20,,         1.0E+30,,,       4, 0
Y (NORTHING)       , 2, 2,  1,            21, 40,,         1.0E+30,,,       4, 0
Z VALUE            , 3, 3,  1,            41, 60,,         1.0E+30,,,       4, 0
SEG I.D.           , 4, 35, 1,            61, 70,,         1.0E+30,,,       0, 0
@
       438469.812500      6470677.000000           -0.372333         0          
       438494.812500      6470677.000000           -0.237000         0          
       438519.812500      6470677.000000           -0.187000         0          
       438544.812500      6470677.000000           -0.158500         0          
       438544.812500      6470702.000000           -0.203000         0          
       438544.812500      6470727.000000           -0.136500         0          
       438569.812500      6470752.000000           -0.218000         0          
       438569.812500      6470777.000000           -0.202000         0          
       438569.812500      6470802.000000           -0.406250         0          
       438569.812500      6470827.000000           -0.260000         0          
       438569.812500      6470852.000000           -0.397000         0          
       438569.812500      6470877.000000           -0.236750         0          
       438569.812500      6470902.000000           -0.398250         0          
       438594.812500      6470927.000000           -0.453500         0          
       438619.812500      6470902.000000           -0.364000         0          
       438619.812500      6470927.000000           -0.450000         0          
       438619.812500      6470952.000000           -0.257500         0          
       438619.812500      6470977.000000           -0.616000         0          
       438619.812500      6471002.000000           -0.883500         0          
       438619.812500      6471027.000000           -0.526500         0          
       438619.812500      6471052.000000           -0.640500         0          
       438619.812500      6471077.000000           -0.832250         0          
       438644.812500      6471102.000000           -1.015000         0          
       438669.812500      6471102.000000           -0.564000         0          
       438669.812500      6471127.000000           -0.796000         0          
       438669.812500      6471152.000000           -0.789000         0          
       438669.812500      6471177.000000           -0.728000         0          
       438669.812500      6471202.000000           -0.685000         0          
       438644.812500      6471227.000000           -0.703000         0          
       438619.812500      6471252.000000           -0.384000         0          
       438619.812500      6471277.000000           -0.308500         0          
       438619.812500      6471302.000000           -0.282000         0          
       438594.812500      6471277.000000           -0.488667         0          
       438569.812500      6471277.000000           -0.659000         0          
       438544.812500      6471277.000000           -0.553000         0          
       438544.812500      6471252.000000           -0.659000         0          
       438544.812500      6471227.000000           -0.411500         0          
       438569.812500      6471202.000000           -0.411250         0          
       438569.812500      6471177.000000           -0.478250         0          
       438569.812500      6471152.000000           -0.459250         0          
       438569.812500      6471127.000000           -0.573250         0          
       438569.812500      6471102.000000           -0.545750         0          
       438569.812500      6471077.000000           -0.595000         0          
       438569.812500      6471052.000000           -0.335000         0          
       438544.812500      6471027.000000           -0.221500         0          
       438544.812500      6471002.000000           -0.191250         0          
       438519.812500      6470977.000000           -0.303000         0          
       438519.812500      6470952.000000           -0.231750         0          
       438519.812500      6470927.000000           -0.282750         0          
       438519.812500      6470902.000000           -0.302000         0          
       438494.812500      6470877.000000           -0.579000         0          
       438469.812500      6470902.000000           -0.120333         0          
       438469.812500      6470877.000000           -0.310500         0          
       438469.812500      6470852.000000           -0.272000         0          
       438469.812500      6470827.000000           -0.377000         0          
       438469.812500      6470802.000000           -0.315750         0          
       438469.812500      6470777.000000           -0.094750         0          
       438469.812500      6470752.000000           -0.195000         0          
       438469.812500      6470727.000000           -0.320750         0          
       438469.812500      6470702.000000           -0.361500         0          
       438469.812500      6470677.000000           -0.372333         0          
       438719.812500      6471077.000000           -0.293500         1          
       438744.812500      6471102.000000           -0.398000         1          
       438744.812500      6471127.000000           -0.477000         1          
       438744.812500      6471152.000000           -0.646250         1          
       438744.812500      6471177.000000           -0.825750         1          
       438744.812500      6471202.000000           -0.954000         1          
       438744.812500      6471227.000000           -0.833500         1          
       438744.812500      6471252.000000           -0.619250         1          
       438744.812500      6471277.000000           -0.668500         1          
       438719.812500      6471252.000000           -0.654250         1          
       438719.812500      6471227.000000           -0.669250         1          
       438719.812500      6471202.000000           -0.824000         1          
       438719.812500      6471177.000000           -0.755500         1          
       438719.812500      6471152.000000           -0.766000         1          
       438719.812500      6471127.000000           -0.428500         1          
       438719.812500      6471102.000000           -0.381000         1          
       438719.812500      6471077.000000           -0.293500         1          
       438494.812500      6471177.000000           -0.237500         2          
       438494.812500      6471202.000000           -0.262250         2          
       438494.812500      6471227.000000           -0.295000         2          
       438494.812500      6471252.000000           -0.293250         2          
       438494.812500      6471277.000000           -0.407750         2          
       438494.812500      6471302.000000           -0.415750         2          
       438494.812500      6471327.000000           -0.435000         2          
       438469.812500      6471352.000000           -0.319000         2          
       438469.812500      6471327.000000           -0.357250         2          
       438469.812500      6471302.000000           -0.360500         2          
       438469.812500      6471277.000000           -0.331000         2          
       438469.812500      6471252.000000           -0.346500         2          
       438469.812500      6471227.000000           -0.216333         2          
       438469.812500      6471202.000000           -0.271000         2          
       438494.812500      6471177.000000           -0.237500         2          
       439119.812500      6471577.000000           -0.137000         3          
       439144.812500      6471602.000000           -0.197000         3          
       439144.812500      6471627.000000           -0.220500         3          
       439144.812500      6471652.000000           -0.327000         3          
       439144.812500      6471677.000000           -0.177000         3          
       439144.812500      6471702.000000           -0.196000         3          
       439144.812500      6471727.000000           -0.267500         3          
       439169.812500      6471752.000000           -0.213000         3          
       439169.812500      6471777.000000           -0.210000         3          
       439169.812500      6471802.000000           -0.249000         3          
       439169.812500      6471827.000000           -0.117000         3          
       439144.812500      6471852.000000           -0.218500         3          
       439169.812500      6471877.000000           -0.133000         3          
       439169.812500      6471902.000000           -0.237250         3          
       439194.812500      6471927.000000           -0.233000         3          
       439219.812500      6471927.000000           -0.216000         3          
       439244.812500      6471952.000000           -0.180000         3          
       439244.812500      6471977.000000           -0.336667         3          
       439269.812500      6472002.000000           -0.506500         3          
       439269.812500      6472027.000000           -0.638500         3          
       439269.812500      6472052.000000           -0.534500         3          
       439269.812500      6472077.000000           -0.498500         3          
       439269.812500      6472102.000000           -0.450000         3          
       439269.812500      6472127.000000           -0.258000         3          
       439269.812500      6472152.000000           -0.188000         3          
       439244.812500      6472177.000000           -0.575000         3          
       439244.812500      6472202.000000           -0.393000         3          
       439244.812500      6472227.000000           -0.186500         3          
       439219.812500      6472252.000000           -0.384500         3          
       439244.812500      6472277.000000           -0.385667         3          
       439244.812500      6472302.000000           -0.666250         3          
       439269.812500      6472327.000000           -0.479000         3          
       439294.812500      6472352.000000           -0.480667         3          
       439319.812500      6472377.000000           -0.572750         3          
       439319.812500      6472402.000000           -0.657000         3          
       439319.812500      6472427.000000           -0.752500         3          
       439319.812500      6472452.000000           -0.539250         3          
       439319.812500      6472477.000000           -0.613500         3          
       439319.812500      6472502.000000           -0.782000         3          
       439344.812500      6472527.000000           -0.809667         3          
       439369.812500      6472502.000000           -0.506250         3          
       439369.812500      6472527.000000           -0.605500         3          
       439369.812500      6472552.000000           -0.574500         3          
       439369.812500      6472577.000000           -0.478750         3          
       439394.812500      6472602.000000           -0.299000         3          
       439394.812500      6472627.000000           -0.499000         3          
       439394.812500      6472652.000000           -0.515500         3          
       439394.812500      6472677.000000           -0.441000         3          
       439394.812500      6472702.000000           -0.641500         3          
       439394.812500      6472727.000000           -0.525500         3          
       439394.812500      6472752.000000           -0.459500         3          
       439394.812500      6472777.000000           -0.553500         3          
       439419.812500      6472802.000000           -0.333000         3          
       439444.812500      6472777.000000           -0.273500         3          
       439444.812500      6472752.000000           -0.275500         3          
       439444.812500      6472727.000000           -0.126000         3          
       439469.812500      6472702.000000           -0.208000         3          
       439469.812500      6472727.000000           -0.220000         3          
       439469.812500      6472752.000000           -0.595500         3          
       439469.812500      6472777.000000           -0.464000         3          
       439469.812500      6472802.000000           -0.510500         3          
       439469.812500      6472827.000000           -0.658000         3          
       439469.812500      6472852.000000           -0.594000         3          
       439469.812500      6472877.000000           -0.561000         3          
       439469.812500      6472902.000000           -0.438500         3          
       439469.812500      6472927.000000           -0.277000         3          
       439444.812500      6472952.000000           -0.544000         3          
       439444.812500      6472977.000000           -0.306000         3          
       439419.812500      6472977.000000           -0.238500         3          
       439394.812500      6473002.000000           -0.401000         3          
       439369.812500      6473027.000000           -0.253500         3          
       439369.812500      6473052.000000           -0.122000         3          
       439344.812500      6473027.000000           -0.424250         3          
       439319.812500      6473052.000000           -0.189000         3          
       439294.812500      6473027.000000           -0.476667         3          
       439269.812500      6473052.000000           -0.346000         3          
       439244.812500      6473052.000000           -0.446000         3          
       439219.812500      6473052.000000           -0.361500         3          
       439194.812500      6473077.000000           -0.487250         3          
       439194.812500      6473102.000000           -0.369500         3          
       439169.812500      6473127.000000           -0.405333         3          
       439169.812500      6473152.000000           -0.324000         3          
       439169.812500      6473177.000000           -0.249000         3          
       439169.812500      6473202.000000           -0.399500         3          
       439169.812500      6473227.000000           -0.393000         3          
       439169.812500      6473252.000000           -0.397250         3          
       439194.812500      6473277.000000           -0.250000         3          
       439219.812500      6473302.000000           -0.220000         3          
       439219.812500      6473327.000000           -0.488000         3          
       439244.812500      6473352.000000           -0.763000         3          
       439269.812500      6473352.000000           -0.636000         3          
       439294.812500      6473377.000000           -0.813250         3          
       439319.812500      6473352.000000           -0.242000         3          
       439344.812500      6473377.000000           -0.421000         3          
       439344.812500      6473402.000000           -0.530500         3          
       439344.812500      6473427.000000           -0.662000         3          
       439344.812500      6473452.000000           -0.744000         3          
       439344.812500      6473477.000000           -0.714000         3          
       439344.812500      6473502.000000           -0.615000         3          
       439344.812500      6473527.000000           -0.295500         3          
       439319.812500      6473552.000000           -0.457500         3          
       439319.812500      6473577.000000           -0.590250         3          
       439319.812500      6473602.000000           -0.405000         3          
       439319.812500      6473627.000000           -0.303750         3          
       439319.812500      6473652.000000           -0.322000         3          
       439294.812500      6473677.000000           -0.451250         3          
       439269.812500      6473652.000000           -0.399000         3          
       439244.812500      6473677.000000           -0.529000         3          
       439244.812500      6473702.000000           -0.283500         3          
       439244.812500      6473727.000000           -0.366000         3          
       439244.812500      6473752.000000           -0.484000         3          
       439244.812500      6473777.000000           -0.224000         3          
       439219.812500      6473752.000000           -0.623333         3          
       439194.812500      6473777.000000           -0.252000         3          
       439169.812500      6473777.000000           -0.168000         3          
       439144.812500      6473802.000000           -0.392000         3          
       439119.812500      6473802.000000           -0.470000         3          
       439119.812500      6473777.000000           -0.570500         3          
       439119.812500      6473752.000000           -0.682000         3          
       439094.812500      6473727.000000           -0.606000         3          
       439069.812500      6473727.000000           -0.685000         3          
       439044.812500      6473727.000000           -0.761000         3          
       439019.812500      6473727.000000           -0.906000         3          
       438994.812500      6473752.000000           -0.627500         3          
       438994.812500      6473777.000000           -0.652250         3          
       438994.812500      6473802.000000           -0.658750         3          
       438994.812500      6473827.000000           -0.696500         3          
       438994.812500      6473852.000000           -0.374667         3          
       438969.812500      6473827.000000           -0.582000         3          
       438969.812500      6473802.000000           -0.546000         3          
       438944.812500      6473777.000000           -0.340000         3          
       438944.812500      6473752.000000           -0.402500         3          
       438944.812500      6473727.000000           -0.524000         3          
       438944.812500      6473702.000000           -0.428750         3          
       438944.812500      6473677.000000           -0.471750         3          
       438944.812500      6473652.000000           -0.681750         3          
       438944.812500      6473627.000000           -0.918000         3          
       438919.812500      6473602.000000           -0.823000         3          
       438894.812500      6473627.000000           -0.186000         3          
       438869.812500      6473627.000000           -0.169000         3          
       438869.812500      6473602.000000           -0.492333         3          
       438844.812500      6473577.000000           -0.478000         3          
       438819.812500      6473577.000000           -0.348000         3          
       438819.812500      6473552.000000           -0.506000         3          
       438819.812500      6473527.000000           -0.695000         3          
       438819.812500      6473502.000000           -0.628500         3          
       438794.812500      6473477.000000           -0.320500         3          
       438794.812500      6473452.000000           -0.808000         3          
       438769.812500      6473427.000000           -0.600000         3          
       438769.812500      6473402.000000           -0.856500         3          
       438769.812500      6473377.000000           -1.003250         3          
       438744.812500      6473352.000000           -0.625000         3          
       438744.812500      6473327.000000           -0.710750         3          
       438719.812500      6473302.000000           -0.553000         3          
       438719.812500      6473277.000000           -0.754750         3          
       438694.812500      6473252.000000           -0.732000         3          
       438669.812500      6473277.000000           -0.317000         3          
       438669.812500      6473252.000000           -0.548667         3          
       438669.812500      6473227.000000           -0.734250         3          
       438669.812500      6473202.000000           -0.841250         3          
       438644.812500      6473177.000000           -0.669000         3          
       438644.812500      6473152.000000           -0.710000         3          
       438644.812500      6473127.000000           -0.665500         3          
       438644.812500      6473102.000000           -0.493000         3          
       438644.812500      6473077.000000           -0.404000         3          
       438669.812500      6473052.000000           -0.192000         3          
       438694.812500      6473052.000000           -0.333500         3          
       438719.812500      6473077.000000           -0.797750         3          
       438744.812500      6473052.000000           -0.506667         3          
       438769.812500      6473027.000000           -0.521500         3          
       438769.812500      6473002.000000           -0.521000         3          
       438794.812500      6472977.000000           -0.408000         3          
       438819.812500      6472952.000000           -0.373000         3          
       438844.812500      6472977.000000           -0.619250         3          
       438869.812500      6472952.000000           -0.378500         3          
       438894.812500      6472927.000000           -0.268000         3          
       438919.812500      6472927.000000           -0.656000         3          
       438944.812500      6472952.000000           -0.683500         3          
       438969.812500      6472927.000000           -0.715500         3          
       438969.812500      6472902.000000           -0.664000         3          
       438969.812500      6472877.000000           -0.471500         3          
       438969.812500      6472852.000000           -0.155000         3          
       438994.812500      6472852.000000           -0.539500         3          
       439019.812500      6472827.000000           -0.828000         3          
       439044.812500      6472802.000000           -0.641000         3          
       439044.812500      6472777.000000           -0.408000         3          
       439044.812500      6472752.000000           -0.392000         3          
       439069.812500      6472777.000000           -0.375000         3          
       439094.812500      6472752.000000           -0.419000         3          
       439094.812500      6472727.000000           -0.414500         3          
       439094.812500      6472702.000000           -0.514000         3          
       439094.812500      6472677.000000           -0.728000         3          
       439069.812500      6472652.000000           -0.617000         3          
       439069.812500      6472627.000000           -0.498000         3          
       439069.812500      6472602.000000           -0.549250         3          
       439069.812500      6472577.000000           -0.632750         3          
       439069.812500      6472552.000000           -0.730750         3          
       439069.812500      6472527.000000           -0.943750         3          
       439069.812500      6472502.000000           -1.107000         3          
       439069.812500      6472477.000000           -0.909000         3          
       439044.812500      6472452.000000           -0.602000         3          
       439019.812500      6472427.000000           -0.368000         3          
       438994.812500      6472452.000000           -0.496000         3          
       438994.812500      6472477.000000           -0.236500         3          
       438994.812500      6472502.000000           -0.332000         3          
       438969.812500      6472527.000000           -0.422000         3          
       438969.812500      6472552.000000           -0.428750         3          
       438969.812500      6472577.000000           -0.196750         3          
       438969.812500      6472602.000000           -0.536500         3          
       438969.812500      6472627.000000           -0.379500         3          
       438944.812500      6472627.000000           -0.461000         3          
       438919.812500      6472602.000000           -0.360667         3          
       438894.812500      6472627.000000           -0.279500         3          
       438894.812500      6472602.000000           -0.317500         3          
       438894.812500      6472577.000000           -0.323000         3          
       438894.812500      6472552.000000           -0.372000         3          
       438894.812500      6472527.000000           -0.268500         3          
       438894.812500      6472502.000000           -0.231000         3          
       438894.812500      6472477.000000           -0.225000         3          
       438894.812500      6472452.000000           -0.135500         3          
       438894.812500      6472427.000000           -0.216500         3          
       438894.812500      6472402.000000           -0.206500         3          
       438869.812500      6472377.000000           -0.448500         3          
       438844.812500      6472377.000000           -0.395000         3          
       438844.812500      6472352.000000           -0.448500         3          
       438844.812500      6472327.000000           -0.460000         3          
       438844.812500      6472302.000000           -0.474750         3          
       438844.812500      6472277.000000           -0.271750         3          
       438844.812500      6472252.000000           -0.548500         3          
       438844.812500      6472227.000000           -0.496500         3          
       438844.812500      6472202.000000           -0.361500         3          
       438844.812500      6472177.000000           -0.226250         3          
       438844.812500      6472152.000000           -0.248500         3          
       438844.812500      6472127.000000           -0.569000         3          
       438844.812500      6472102.000000           -0.316000         3          
       438844.812500      6472077.000000           -0.203000         3          
       438869.812500      6472102.000000           -0.507000         3          
       438894.812500      6472077.000000           -0.293000         3          
       438919.812500      6472052.000000           -0.199750         3          
       438919.812500      6472027.000000           -0.215250         3          
       438919.812500      6472002.000000           -0.431500         3          
       438919.812500      6471977.000000           -0.350500         3          
       438919.812500      6471952.000000           -0.212000         3          
       438919.812500      6471927.000000           -0.287000         3          
       438944.812500      6471902.000000           -0.399750         3          
       438944.812500      6471877.000000           -0.444500         3          
       438944.812500      6471852.000000           -0.493000         3          
       438944.812500      6471827.000000           -0.493500         3          
       438944.812500      6471802.000000           -0.474333         3          
       438944.812500      6471777.000000           -0.292000         3          
       438944.812500      6471752.000000           -0.192000         3          
       438969.812500      6471727.000000           -0.274750         3          
       438969.812500      6471702.000000           -0.342500         3          
       438969.812500      6471677.000000           -0.499000         3          
       438969.812500      6471652.000000           -0.294750         3          
       438969.812500      6471627.000000           -0.139000         3          
       438994.812500      6471652.000000           -0.410333         3          
       439019.812500      6471627.000000           -0.341000         3          
       439044.812500      6471627.000000           -0.171000         3          
       439044.812500      6471652.000000           -0.593667         3          
       439069.812500      6471677.000000           -0.392000         3          
       439094.812500      6471702.000000           -0.419000         3          
       439119.812500      6471677.000000           -0.088500         3          
       439119.812500      6471652.000000           -0.300500         3          
       439119.812500      6471627.000000           -0.267750         3          
       439119.812500      6471602.000000           -0.267000         3          
       439119.812500      6471577.000000           -0.137000         3          
       438569.812500      6471827.000000           -0.409000         4          
       438594.812500      6471802.000000           -0.304000         4          
       438619.812500      6471802.000000           -0.343000         4          
       438644.812500      6471802.000000           -0.396250         4          
       438669.812500      6471802.000000           -0.319000         4          
       438694.812500      6471802.000000           -0.269500         4          
       438719.812500      6471802.000000           -0.314000         4          
       438719.812500      6471827.000000           -0.310000         4          
       438694.812500      6471852.000000           -0.136000         4          
       438694.812500      6471877.000000           -0.314000         4          
       438719.812500      6471902.000000           -0.372000         4          
       438744.812500      6471927.000000           -0.419000         4          
       438769.812500      6471927.000000           -0.393000         4          
       438769.812500      6471952.000000           -0.380500         4          
       438744.812500      6471952.000000           -0.413000         4          
       438719.812500      6471952.000000           -0.401000         4          
       438694.812500      6471977.000000           -0.320000         4          
       438669.812500      6471977.000000           -0.445750         4          
       438644.812500      6472002.000000           -0.252000         4          
       438619.812500      6472027.000000           -0.192000         4          
       438619.812500      6472002.000000           -0.254500         4          
       438594.812500      6471977.000000           -0.355000         4          
       438569.812500      6471952.000000           -0.201500         4          
       438569.812500      6471927.000000           -0.443250         4          
       438544.812500      6471902.000000           -0.274667         4          
       438519.812500      6471902.000000           -0.342000         4          
       438494.812500      6471902.000000           -0.263000         4          
       438519.812500      6471877.000000           -0.255667         4          
       438544.812500      6471877.000000           -0.267500         4          
       438569.812500      6471852.000000           -0.308750         4          
       438569.812500      6471827.000000           -0.409000         4          
