!                                                                               
! File exported from RMS.                                                       
!                                                                               
! Project:       Sleipner Reference Model 2019
! Date:          2019-03-15T08:56:50
!                                                                               
! Polygons/points Z-MAP file generated for 'L7_Amp_Boundary'.
! Coordinate system is ''.
!                                                                               
!-------------------------------------------------------------------------------
@FREE POINT        , DATA, 80, 1
X (EASTING)        , 1, 1,  1,             1, 20,,         1.0E+30,,,       4, 0
Y (NORTHING)       , 2, 2,  1,            21, 40,,         1.0E+30,,,       4, 0
Z VALUE            , 3, 3,  1,            41, 60,,         1.0E+30,,,       4, 0
SEG I.D.           , 4, 35, 1,            61, 70,,         1.0E+30,,,       0, 0
@
       438266.656250      6469604.500000           -0.180000         0          
       438291.656250      6469604.500000           -0.243000         0          
       438316.656250      6469629.500000           -0.296000         0          
       438341.656250      6469629.500000           -0.250000         0          
       438366.656250      6469629.500000           -0.190667         0          
       438366.656250      6469654.500000           -0.290750         0          
       438366.656250      6469679.500000           -0.378000         0          
       438366.656250      6469704.500000           -0.462250         0          
       438366.656250      6469729.500000           -0.756000         0          
       438366.656250      6469754.500000           -0.539750         0          
       438366.656250      6469779.500000           -0.411000         0          
       438366.656250      6469804.500000           -0.505500         0          
       438366.656250      6469829.500000           -0.508000         0          
       438341.656250      6469854.500000           -0.320500         0          
       438316.656250      6469879.500000           -0.150000         0          
       438316.656250      6469904.500000           -0.254000         0          
       438341.656250      6469929.500000           -0.260000         0          
       438341.656250      6469954.500000           -0.259000         0          
       438341.656250      6469979.500000           -0.304000         0          
       438341.656250      6470004.500000           -0.292333         0          
       438366.656250      6470029.500000           -0.307000         0          
       438391.656250      6470004.500000           -0.225500         0          
       438391.656250      6470029.500000           -0.134500         0          
       438366.656250      6470054.500000           -0.497500         0          
       438391.656250      6470079.500000           -0.288000         0          
       438391.656250      6470104.500000           -0.357000         0          
       438391.656250      6470129.500000           -0.375000         0          
       438416.656250      6470154.500000           -0.312000         0          
       438441.656250      6470154.500000           -0.201333         0          
       438466.656250      6470179.500000           -0.375000         0          
       438491.656250      6470179.500000           -0.371000         0          
       438516.656250      6470179.500000           -0.243000         0          
       438516.656250      6470204.500000           -0.363750         0          
       438541.656250      6470229.500000           -0.151000         0          
       438516.656250      6470229.500000           -0.366500         0          
       438491.656250      6470229.500000           -0.617500         0          
       438466.656250      6470254.500000           -0.966000         0          
       438491.656250      6470279.500000           -0.717500         0          
       438516.656250      6470279.500000           -0.631750         0          
       438541.656250      6470279.500000           -0.407000         0          
       438541.656250      6470304.500000           -0.393000         0          
       438541.656250      6470329.500000           -0.556000         0          
       438541.656250      6470354.500000           -0.475500         0          
       438566.656250      6470379.500000           -0.169000         0          
       438591.656250      6470404.500000           -0.151000         0          
       438591.656250      6470429.500000           -0.369500         0          
       438616.656250      6470454.500000           -0.398000         0          
       438641.656250      6470454.500000           -0.125000         0          
       438641.656250      6470479.500000           -0.177000         0          
       438641.656250      6470504.500000           -0.255500         0          
       438641.656250      6470529.500000           -0.371000         0          
       438641.656250      6470554.500000           -0.346000         0          
       438666.656250      6470579.500000           -0.164000         0          
       438666.656250      6470604.500000           -0.291500         0          
       438666.656250      6470629.500000           -0.434500         0          
       438691.656250      6470654.500000           -0.239000         0          
       438691.656250      6470679.500000           -0.188500         0          
       438691.656250      6470704.500000           -0.102000         0          
       438691.656250      6470729.500000           -0.095500         0          
       438691.656250      6470754.500000           -0.150000         0          
       438691.656250      6470779.500000           -0.287000         0          
       438691.656250      6470804.500000           -0.570500         0          
       438691.656250      6470829.500000           -0.237500         0          
       438691.656250      6470854.500000           -0.161000         0          
       438666.656250      6470879.500000           -0.209333         0          
       438666.656250      6470904.500000           -0.199000         0          
       438666.656250      6470929.500000           -0.297500         0          
       438666.656250      6470954.500000           -0.417000         0          
       438691.656250      6470979.500000           -0.223000         0          
       438691.656250      6471004.500000           -0.265000         0          
       438691.656250      6471029.500000           -0.466000         0          
       438691.656250      6471054.500000           -0.606000         0          
       438691.656250      6471079.500000           -0.589000         0          
       438691.656250      6471104.500000           -0.555000         0          
       438691.656250      6471129.500000           -0.524000         0          
       438691.656250      6471154.500000           -0.384000         0          
       438666.656250      6471179.500000           -0.138500         0          
       438641.656250      6471154.500000           -0.333667         0          
       438616.656250      6471154.500000           -0.180000         0          
       438591.656250      6471154.500000           -0.291000         0          
       438566.656250      6471179.500000           -0.603750         0          
       438566.656250      6471204.500000           -0.565750         0          
       438591.656250      6471229.500000           -0.402000         0          
       438616.656250      6471229.500000           -0.347500         0          
       438641.656250      6471229.500000           -0.423000         0          
       438641.656250      6471254.500000           -0.253000         0          
       438666.656250      6471279.500000           -0.324000         0          
       438691.656250      6471254.500000           -0.225500         0          
       438691.656250      6471279.500000           -0.321500         0          
       438691.656250      6471304.500000           -0.257750         0          
       438691.656250      6471329.500000           -0.469000         0          
       438691.656250      6471354.500000           -0.229750         0          
       438691.656250      6471379.500000           -0.339250         0          
       438691.656250      6471404.500000           -0.360000         0          
       438691.656250      6471429.500000           -0.202750         0          
       438691.656250      6471454.500000           -0.118000         0          
       438666.656250      6471454.500000           -0.191333         0          
       438666.656250      6471429.500000           -0.261750         0          
       438666.656250      6471404.500000           -0.315000         0          
       438666.656250      6471379.500000           -0.341750         0          
       438641.656250      6471354.500000           -0.259500         0          
       438616.656250      6471354.500000           -0.541667         0          
       438591.656250      6471379.500000           -0.197500         0          
       438566.656250      6471379.500000           -0.249000         0          
       438541.656250      6471379.500000           -0.207000         0          
       438516.656250      6471404.500000           -0.241000         0          
       438516.656250      6471429.500000           -0.274500         0          
       438491.656250      6471454.500000           -0.300000         0          
       438491.656250      6471429.500000           -0.469250         0          
       438491.656250      6471404.500000           -0.424000         0          
       438516.656250      6471379.500000           -0.186667         0          
       438491.656250      6471354.500000           -0.251333         0          
       438466.656250      6471354.500000           -0.233000         0          
       438441.656250      6471354.500000           -0.152500         0          
       438416.656250      6471329.500000           -0.316000         0          
       438391.656250      6471329.500000           -0.245750         0          
       438366.656250      6471329.500000           -0.158000         0          
       438341.656250      6471329.500000           -0.211000         0          
       438316.656250      6471329.500000           -0.562250         0          
       438291.656250      6471329.500000           -0.451333         0          
       438266.656250      6471329.500000           -0.312500         0          
       438241.656250      6471329.500000           -0.416000         0          
       438216.656250      6471354.500000           -0.280000         0          
       438216.656250      6471329.500000           -0.347667         0          
       438191.656250      6471304.500000           -0.486000         0          
       438191.656250      6471279.500000           -0.469000         0          
       438191.656250      6471254.500000           -0.427000         0          
       438166.656250      6471229.500000           -0.296000         0          
       438166.656250      6471204.500000           -0.492500         0          
       438166.656250      6471179.500000           -0.594000         0          
       438166.656250      6471154.500000           -0.657000         0          
       438166.656250      6471129.500000           -0.525500         0          
       438166.656250      6471104.500000           -0.367500         0          
       438166.656250      6471079.500000           -0.218500         0          
       438166.656250      6471054.500000           -0.304000         0          
       438166.656250      6471029.500000           -0.288000         0          
       438166.656250      6471004.500000           -0.261500         0          
       438141.656250      6470979.500000           -0.139000         0          
       438116.656250      6470954.500000           -0.239000         0          
       438116.656250      6470929.500000           -0.227000         0          
       438116.656250      6470904.500000           -0.396000         0          
       438116.656250      6470879.500000           -0.363250         0          
       438116.656250      6470854.500000           -0.148750         0          
       438116.656250      6470829.500000           -0.235250         0          
       438116.656250      6470804.500000           -0.161250         0          
       438091.656250      6470779.500000           -0.220000         0          
       438091.656250      6470754.500000           -0.364500         0          
       438091.656250      6470729.500000           -0.356250         0          
       438091.656250      6470704.500000           -0.350000         0          
       438091.656250      6470679.500000           -0.499000         0          
       438066.656250      6470654.500000           -0.253000         0          
       438041.656250      6470629.500000           -0.367333         0          
       438016.656250      6470629.500000           -0.159500         0          
       437991.656250      6470604.500000           -0.287250         0          
       437966.656250      6470604.500000           -0.251000         0          
       437941.656250      6470579.500000           -0.193000         0          
       437916.656250      6470554.500000           -0.188000         0          
       437891.656250      6470529.500000           -0.249000         0          
       437891.656250      6470504.500000           -0.402500         0          
       437866.656250      6470479.500000           -0.295000         0          
       437841.656250      6470454.500000           -0.312000         0          
       437866.656250      6470454.500000           -0.377000         0          
       437891.656250      6470429.500000           -0.300750         0          
       437891.656250      6470404.500000           -0.323500         0          
       437891.656250      6470379.500000           -0.337000         0          
       437891.656250      6470354.500000           -0.354000         0          
       437891.656250      6470329.500000           -0.275000         0          
       437916.656250      6470304.500000           -0.629000         0          
       437916.656250      6470279.500000           -0.476500         0          
       437916.656250      6470254.500000           -0.427500         0          
       437916.656250      6470229.500000           -0.264000         0          
       437941.656250      6470204.500000           -0.450000         0          
       437941.656250      6470179.500000           -0.483250         0          
       437941.656250      6470154.500000           -0.359250         0          
       437966.656250      6470129.500000           -0.349250         0          
       437966.656250      6470104.500000           -0.269500         0          
       437991.656250      6470079.500000           -0.198000         0          
       438016.656250      6470054.500000           -0.325667         0          
       438016.656250      6470029.500000           -0.238000         0          
       438041.656250      6470004.500000           -0.203000         0          
       438066.656250      6469979.500000           -0.431250         0          
       438066.656250      6469954.500000           -0.314500         0          
       438066.656250      6469929.500000           -0.159000         0          
       438091.656250      6469904.500000           -0.115000         0          
       438116.656250      6469904.500000           -0.162000         0          
       438141.656250      6469904.500000           -0.180333         0          
       438166.656250      6469904.500000           -0.284500         0          
       438191.656250      6469879.500000           -0.266667         0          
       438166.656250      6469854.500000           -0.272500         0          
       438166.656250      6469829.500000           -0.239500         0          
       438166.656250      6469804.500000           -0.362000         0          
       438166.656250      6469779.500000           -0.377500         0          
       438166.656250      6469754.500000           -0.442000         0          
       438166.656250      6469729.500000           -0.399500         0          
       438166.656250      6469704.500000           -0.301000         0          
       438166.656250      6469679.500000           -0.167000         0          
       438191.656250      6469654.500000           -0.206000         0          
       438216.656250      6469679.500000           -0.428000         0          
       438241.656250      6469679.500000           -0.492333         0          
       438266.656250      6469654.500000           -0.412250         0          
       438266.656250      6469629.500000           -0.248000         0          
       438266.656250      6469604.500000           -0.180000         0          
       438216.656250      6469904.500000           -0.354333         1          
       438191.656250      6469929.500000           -0.286500         1          
       438216.656250      6469954.500000           -0.404250         1          
       438241.656250      6469929.500000           -0.248000         1          
       438216.656250      6469904.500000           -0.354333         1          
