!                                                                               
! File exported from RMS.                                                       
!                                                                               
! Project:       Sleipner Reference Model 2019
! Date:          2019-03-15T08:56:39
!                                                                               
! Polygons/points Z-MAP file generated for 'L8_Amp_Boundary'.
! Coordinate system is ''.
!                                                                               
!-------------------------------------------------------------------------------
@FREE POINT        , DATA, 80, 1
X (EASTING)        , 1, 1,  1,             1, 20,,         1.0E+30,,,       4, 0
Y (NORTHING)       , 2, 2,  1,            21, 40,,         1.0E+30,,,       4, 0
Z VALUE            , 3, 3,  1,            41, 60,,         1.0E+30,,,       4, 0
SEG I.D.           , 4, 35, 1,            61, 70,,         1.0E+30,,,       0, 0
@
       438134.156250      6469831.000000           -0.365000         0          
       438159.156250      6469806.000000           -0.645000         0          
       438184.156250      6469806.000000           -0.785500         0          
       438209.156250      6469806.000000           -0.595333         0          
       438209.156250      6469831.000000           -0.591500         0          
       438234.156250      6469856.000000           -0.793000         0          
       438259.156250      6469856.000000           -0.725000         0          
       438284.156250      6469856.000000           -0.533000         0          
       438309.156250      6469856.000000           -0.429000         0          
       438309.156250      6469881.000000           -0.706250         0          
       438309.156250      6469906.000000           -0.517750         0          
       438334.156250      6469931.000000           -0.523500         0          
       438309.156250      6469956.000000           -0.591000         0          
       438309.156250      6469981.000000           -0.403000         0          
       438284.156250      6470006.000000           -0.502250         0          
       438284.156250      6470031.000000           -0.484750         0          
       438284.156250      6470056.000000           -0.469500         0          
       438259.156250      6470081.000000           -0.424000         0          
       438259.156250      6470106.000000           -0.338750         0          
       438284.156250      6470131.000000           -0.404500         0          
       438309.156250      6470156.000000           -0.373000         0          
       438334.156250      6470181.000000           -0.087000         0          
       438334.156250      6470206.000000           -0.670500         0          
       438334.156250      6470231.000000           -0.556000         0          
       438334.156250      6470256.000000           -0.638500         0          
       438334.156250      6470281.000000           -0.697000         0          
       438309.156250      6470306.000000           -0.512500         0          
       438284.156250      6470331.000000           -0.507750         0          
       438259.156250      6470356.000000           -0.634667         0          
       438234.156250      6470356.000000           -0.666250         0          
       438209.156250      6470381.000000           -0.656333         0          
       438184.156250      6470381.000000           -0.665500         0          
       438159.156250      6470381.000000           -0.477000         0          
       438134.156250      6470356.000000           -0.505000         0          
       438109.156250      6470331.000000           -0.517333         0          
       438084.156250      6470331.000000           -0.513500         0          
       438059.156250      6470306.000000           -0.759000         0          
       438034.156250      6470306.000000           -0.469500         0          
       438009.156250      6470281.000000           -0.409000         0          
       438009.156250      6470256.000000           -0.466000         0          
       438009.156250      6470231.000000           -0.511000         0          
       437984.156250      6470206.000000           -0.492000         0          
       437984.156250      6470181.000000           -0.372000         0          
       437984.156250      6470156.000000           -0.549500         0          
       437984.156250      6470131.000000           -0.398000         0          
       437984.156250      6470106.000000           -0.294500         0          
       438009.156250      6470081.000000           -0.405000         0          
       438009.156250      6470056.000000           -0.408500         0          
       438009.156250      6470031.000000           -0.499000         0          
       438009.156250      6470006.000000           -0.680000         0          
       438009.156250      6469981.000000           -0.660000         0          
       438009.156250      6469956.000000           -0.603000         0          
       438034.156250      6469931.000000           -0.824250         0          
       438034.156250      6469906.000000           -0.520333         0          
       438059.156250      6469881.000000           -0.590000         0          
       438084.156250      6469856.000000           -0.718000         0          
       438109.156250      6469856.000000           -0.776750         0          
       438134.156250      6469831.000000           -0.365000         0          
       437984.156250      6470706.000000           -0.588000         1          
       438009.156250      6470681.000000           -0.538000         1          
       438034.156250      6470681.000000           -0.765000         1          
       438059.156250      6470681.000000           -0.754500         1          
       438084.156250      6470681.000000           -0.654500         1          
       438109.156250      6470681.000000           -0.684500         1          
       438134.156250      6470681.000000           -0.457500         1          
       438159.156250      6470681.000000           -0.097000         1          
       438134.156250      6470706.000000           -0.650500         1          
       438159.156250      6470731.000000           -0.679500         1          
       438184.156250      6470731.000000           -0.171000         1          
       438209.156250      6470756.000000           -0.325000         1          
       438234.156250      6470756.000000           -0.579000         1          
       438259.156250      6470756.000000           -0.669667         1          
       438284.156250      6470756.000000           -0.340000         1          
       438309.156250      6470781.000000           -0.491500         1          
       438334.156250      6470806.000000           -0.876500         1          
       438359.156250      6470806.000000           -0.464333         1          
       438384.156250      6470806.000000           -0.618000         1          
       438409.156250      6470806.000000           -0.618500         1          
       438434.156250      6470831.000000           -0.708000         1          
       438459.156250      6470856.000000           -0.985250         1          
       438484.156250      6470856.000000           -0.785000         1          
       438509.156250      6470881.000000           -0.542000         1          
       438534.156250      6470906.000000           -0.655500         1          
       438559.156250      6470906.000000           -0.517000         1          
       438584.156250      6470906.000000           -0.416500         1          
       438609.156250      6470931.000000           -0.517000         1          
       438609.156250      6470956.000000           -0.708000         1          
       438634.156250      6470981.000000           -0.678500         1          
       438659.156250      6471006.000000           -0.583333         1          
       438684.156250      6470981.000000           -0.415000         1          
       438709.156250      6471006.000000           -0.451000         1          
       438709.156250      6471031.000000           -0.530500         1          
       438734.156250      6471056.000000           -0.748000         1          
       438759.156250      6471056.000000           -0.684000         1          
       438784.156250      6471056.000000           -0.821000         1          
       438809.156250      6471081.000000           -1.103000         1          
       438834.156250      6471081.000000           -0.723500         1          
       438859.156250      6471106.000000           -0.422000         1          
       438859.156250      6471131.000000           -0.735000         1          
       438859.156250      6471156.000000           -0.812500         1          
       438884.156250      6471181.000000           -0.786000         1          
       438884.156250      6471206.000000           -0.821000         1          
       438884.156250      6471231.000000           -0.817000         1          
       438909.156250      6471256.000000           -0.587000         1          
       438934.156250      6471281.000000           -0.734000         1          
       438959.156250      6471306.000000           -0.538000         1          
       438959.156250      6471331.000000           -0.846000         1          
       438984.156250      6471356.000000           -0.673333         1          
       439009.156250      6471381.000000           -0.400000         1          
       439009.156250      6471406.000000           -0.746250         1          
       439034.156250      6471431.000000           -0.513000         1          
       439034.156250      6471456.000000           -0.789500         1          
       439059.156250      6471481.000000           -0.940667         1          
       439084.156250      6471506.000000           -0.721000         1          
       439084.156250      6471531.000000           -0.992500         1          
       439109.156250      6471556.000000           -0.914667         1          
       439134.156250      6471581.000000           -0.655000         1          
       439159.156250      6471606.000000           -0.728000         1          
       439184.156250      6471606.000000           -0.511000         1          
       439184.156250      6471631.000000           -0.508750         1          
       439184.156250      6471656.000000           -0.698250         1          
       439184.156250      6471681.000000           -0.483000         1          
       439209.156250      6471706.000000           -0.503000         1          
       439209.156250      6471731.000000           -0.793333         1          
       439209.156250      6471756.000000           -1.017000         1          
       439209.156250      6471781.000000           -0.732250         1          
       439209.156250      6471806.000000           -0.656000         1          
       439209.156250      6471831.000000           -0.445000         1          
       439209.156250      6471856.000000           -0.485500         1          
       439209.156250      6471881.000000           -0.704500         1          
       439209.156250      6471906.000000           -0.575500         1          
       439234.156250      6471931.000000           -0.592000         1          
       439234.156250      6471956.000000           -0.645000         1          
       439234.156250      6471981.000000           -0.678250         1          
       439234.156250      6472006.000000           -0.690250         1          
       439234.156250      6472031.000000           -0.594750         1          
       439234.156250      6472056.000000           -0.552000         1          
       439209.156250      6472056.000000           -0.616000         1          
       439209.156250      6472031.000000           -0.663000         1          
       439184.156250      6472006.000000           -0.801250         1          
       439159.156250      6472006.000000           -0.890500         1          
       439134.156250      6472031.000000           -0.772000         1          
       439134.156250      6472056.000000           -0.581000         1          
       439134.156250      6472081.000000           -0.361000         1          
       439109.156250      6472081.000000           -0.933667         1          
       439084.156250      6472106.000000           -0.971750         1          
       439084.156250      6472131.000000           -0.507500         1          
       439059.156250      6472131.000000           -0.682000         1          
       439034.156250      6472131.000000           -0.784500         1          
       439009.156250      6472131.000000           -0.709500         1          
       438984.156250      6472131.000000           -0.398000         1          
       438959.156250      6472131.000000           -0.570500         1          
       438934.156250      6472131.000000           -0.511500         1          
       438909.156250      6472131.000000           -0.444750         1          
       438884.156250      6472131.000000           -0.761000         1          
       438859.156250      6472131.000000           -0.666000         1          
       438834.156250      6472131.000000           -0.462500         1          
       438834.156250      6472106.000000           -0.489000         1          
       438809.156250      6472081.000000           -0.611750         1          
       438784.156250      6472081.000000           -0.659250         1          
       438759.156250      6472081.000000           -0.547500         1          
       438759.156250      6472056.000000           -0.464500         1          
       438759.156250      6472031.000000           -0.553500         1          
       438759.156250      6472006.000000           -0.628500         1          
       438734.156250      6471981.000000           -0.208000         1          
       438709.156250      6472006.000000           -0.424500         1          
       438709.156250      6472031.000000           -0.540000         1          
       438684.156250      6472031.000000           -0.616000         1          
       438659.156250      6472031.000000           -0.899667         1          
       438634.156250      6472056.000000           -1.138667         1          
       438659.156250      6472081.000000           -0.316000         1          
       438634.156250      6472081.000000           -0.699000         1          
       438609.156250      6472081.000000           -0.791000         1          
       438584.156250      6472081.000000           -0.575500         1          
       438559.156250      6472081.000000           -0.381000         1          
       438559.156250      6472056.000000           -0.366000         1          
       438534.156250      6472031.000000           -0.676750         1          
       438509.156250      6472031.000000           -0.832500         1          
       438484.156250      6472031.000000           -0.870750         1          
       438459.156250      6472031.000000           -0.865750         1          
       438434.156250      6472031.000000           -0.974500         1          
       438409.156250      6472031.000000           -0.750333         1          
       438384.156250      6472031.000000           -0.646000         1          
       438359.156250      6472031.000000           -0.849000         1          
       438334.156250      6472031.000000           -0.832500         1          
       438309.156250      6472031.000000           -0.769500         1          
       438284.156250      6472031.000000           -0.350000         1          
       438284.156250      6472006.000000           -0.728333         1          
       438259.156250      6471981.000000           -0.756000         1          
       438234.156250      6471981.000000           -0.456000         1          
       438234.156250      6471956.000000           -0.932000         1          
       438209.156250      6471931.000000           -0.885000         1          
       438209.156250      6471906.000000           -1.211000         1          
       438184.156250      6471881.000000           -1.225667         1          
       438159.156250      6471881.000000           -1.033000         1          
       438134.156250      6471856.000000           -0.938500         1          
       438134.156250      6471831.000000           -1.118667         1          
       438109.156250      6471806.000000           -0.838750         1          
       438084.156250      6471806.000000           -0.800250         1          
       438059.156250      6471806.000000           -0.602333         1          
       438034.156250      6471806.000000           -0.318000         1          
       438034.156250      6471781.000000           -0.487667         1          
       438034.156250      6471756.000000           -0.516250         1          
       438009.156250      6471731.000000           -0.617667         1          
       437984.156250      6471731.000000           -0.338000         1          
       437959.156250      6471706.000000           -0.354000         1          
       437934.156250      6471681.000000           -0.350000         1          
       437934.156250      6471656.000000           -0.502000         1          
       437934.156250      6471631.000000           -0.514500         1          
       437959.156250      6471606.000000           -0.388000         1          
       437959.156250      6471581.000000           -0.424000         1          
       437984.156250      6471556.000000           -0.543000         1          
       437984.156250      6471531.000000           -0.426000         1          
       437984.156250      6471506.000000           -0.475000         1          
       438009.156250      6471481.000000           -0.530250         1          
       438009.156250      6471456.000000           -0.458000         1          
       438009.156250      6471431.000000           -0.432500         1          
       438009.156250      6471406.000000           -0.490500         1          
       438009.156250      6471381.000000           -0.404000         1          
       438009.156250      6471356.000000           -0.595500         1          
       438034.156250      6471331.000000           -0.529000         1          
       438059.156250      6471306.000000           -0.772000         1          
       438059.156250      6471281.000000           -0.311000         1          
       438084.156250      6471256.000000           -0.537500         1          
       438084.156250      6471231.000000           -0.417000         1          
       438109.156250      6471206.000000           -0.654500         1          
       438109.156250      6471181.000000           -0.597000         1          
       438109.156250      6471156.000000           -0.760500         1          
       438109.156250      6471131.000000           -0.526500         1          
       438109.156250      6471106.000000           -0.505000         1          
       438109.156250      6471081.000000           -0.632500         1          
       438109.156250      6471056.000000           -0.471500         1          
       438109.156250      6471031.000000           -0.570500         1          
       438109.156250      6471006.000000           -0.423000         1          
       438109.156250      6470981.000000           -0.649000         1          
       438084.156250      6470956.000000           -0.500500         1          
       438084.156250      6470931.000000           -0.713000         1          
       438059.156250      6470906.000000           -0.695500         1          
       438034.156250      6470906.000000           -0.422000         1          
       438009.156250      6470881.000000           -0.457000         1          
       438009.156250      6470856.000000           -0.401000         1          
       438009.156250      6470831.000000           -0.676750         1          
       438009.156250      6470806.000000           -0.556000         1          
       437984.156250      6470781.000000           -0.482750         1          
       437984.156250      6470756.000000           -0.590500         1          
       437984.156250      6470731.000000           -0.638750         1          
       437984.156250      6470706.000000           -0.588000         1          
