!                                                                               
! File exported from RMS.                                                       
!                                                                               
! Project:       Sleipner Reference Model 2019
! Date:          2019-03-15T08:56:27
!                                                                               
! Polygons/points Z-MAP file generated for 'L9_Amp_Boundary'.
! Coordinate system is ''.
!                                                                               
!-------------------------------------------------------------------------------
@FREE POINT        , DATA, 80, 1
X (EASTING)        , 1, 1,  1,             1, 20,,         1.0E+30,,,       4, 0
Y (NORTHING)       , 2, 2,  1,            21, 40,,         1.0E+30,,,       4, 0
Z VALUE            , 3, 3,  1,            41, 60,,         1.0E+30,,,       4, 0
SEG I.D.           , 4, 35, 1,            61, 70,,         1.0E+30,,,       0, 0
@
       438197.937500      6469866.500000           -0.454000         0          
       438222.937500      6469841.500000           -0.379000         0          
       438247.937500      6469841.500000           -0.495000         0          
       438272.937500      6469841.500000           -0.531500         0          
       438297.937500      6469841.500000           -0.589500         0          
       438322.937500      6469841.500000           -0.565000         0          
       438347.937500      6469866.500000           -0.406000         0          
       438347.937500      6469891.500000           -0.712000         0          
       438372.937500      6469916.500000           -0.683500         0          
       438347.937500      6469941.500000           -0.441000         0          
       438322.937500      6469916.500000           -0.630000         0          
       438297.937500      6469916.500000           -0.501500         0          
       438272.937500      6469891.500000           -0.624000         0          
       438247.937500      6469891.500000           -0.595000         0          
       438222.937500      6469891.500000           -0.603500         0          
       438197.937500      6469866.500000           -0.454000         0          
       438222.937500      6469991.500000           -0.572000         1          
       438247.937500      6469991.500000           -0.419000         1          
       438272.937500      6469991.500000           -0.318000         1          
       438297.937500      6469991.500000           -0.351000         1          
       438322.937500      6469991.500000           -0.247000         1          
       438347.937500      6470016.500000           -0.353000         1          
       438372.937500      6470016.500000           -0.417000         1          
       438347.937500      6470041.500000           -0.434000         1          
       438322.937500      6470066.500000           -0.616000         1          
       438297.937500      6470091.500000           -0.475000         1          
       438297.937500      6470116.500000           -0.451500         1          
       438322.937500      6470141.500000           -0.564750         1          
       438347.937500      6470166.500000           -0.375667         1          
       438372.937500      6470166.500000           -0.282000         1          
       438347.937500      6470191.500000           -0.725750         1          
       438347.937500      6470216.500000           -0.574333         1          
       438347.937500      6470241.500000           -0.412500         1          
       438372.937500      6470266.500000           -0.382000         1          
       438397.937500      6470291.500000           -0.661000         1          
       438422.937500      6470291.500000           -0.403000         1          
       438447.937500      6470316.500000           -0.646250         1          
       438472.937500      6470316.500000           -0.568333         1          
       438497.937500      6470316.500000           -0.418500         1          
       438497.937500      6470341.500000           -0.416000         1          
       438472.937500      6470341.500000           -0.419500         1          
       438447.937500      6470341.500000           -0.691500         1          
       438422.937500      6470366.500000           -0.424500         1          
       438397.937500      6470391.500000           -0.646750         1          
       438422.937500      6470416.500000           -0.663500         1          
       438447.937500      6470416.500000           -0.381500         1          
       438472.937500      6470416.500000           -0.499500         1          
       438497.937500      6470416.500000           -0.427000         1          
       438522.937500      6470441.500000           -0.500000         1          
       438522.937500      6470466.500000           -0.518500         1          
       438522.937500      6470491.500000           -0.341500         1          
       438497.937500      6470516.500000           -0.442000         1          
       438497.937500      6470541.500000           -0.280000         1          
       438522.937500      6470566.500000           -0.308000         1          
       438497.937500      6470591.500000           -0.647000         1          
       438497.937500      6470616.500000           -1.022000         1          
       438497.937500      6470641.500000           -0.595500         1          
       438522.937500      6470666.500000           -0.685000         1          
       438547.937500      6470691.500000           -0.974000         1          
       438572.937500      6470691.500000           -0.606333         1          
       438597.937500      6470666.500000           -0.523000         1          
       438622.937500      6470691.500000           -0.444500         1          
       438622.937500      6470716.500000           -0.372000         1          
       438622.937500      6470741.500000           -0.669000         1          
       438647.937500      6470766.500000           -0.587667         1          
       438672.937500      6470766.500000           -0.350000         1          
       438672.937500      6470791.500000           -0.805000         1          
       438672.937500      6470816.500000           -0.630000         1          
       438672.937500      6470841.500000           -0.318000         1          
       438647.937500      6470866.500000           -0.349500         1          
       438647.937500      6470891.500000           -0.507000         1          
       438622.937500      6470916.500000           -0.194000         1          
       438622.937500      6470941.500000           -0.268500         1          
       438622.937500      6470966.500000           -0.482000         1          
       438622.937500      6470991.500000           -0.423500         1          
       438647.937500      6471016.500000           -0.530500         1          
       438672.937500      6471041.500000           -0.708000         1          
       438697.937500      6471016.500000           -0.365000         1          
       438722.937500      6471016.500000           -0.446000         1          
       438747.937500      6471041.500000           -0.586250         1          
       438772.937500      6471066.500000           -0.465000         1          
       438797.937500      6471091.500000           -0.448500         1          
       438822.937500      6471091.500000           -0.602000         1          
       438847.937500      6471116.500000           -0.812250         1          
       438872.937500      6471116.500000           -0.452000         1          
       438897.937500      6471141.500000           -0.552250         1          
       438922.937500      6471116.500000           -0.276000         1          
       438947.937500      6471116.500000           -0.630000         1          
       438972.937500      6471116.500000           -0.503333         1          
       438997.937500      6471116.500000           -0.339000         1          
       438997.937500      6471141.500000           -0.506500         1          
       438997.937500      6471166.500000           -0.392500         1          
       438997.937500      6471191.500000           -0.321500         1          
       438997.937500      6471216.500000           -0.216000         1          
       438997.937500      6471241.500000           -0.618500         1          
       438997.937500      6471266.500000           -0.640000         1          
       439022.937500      6471291.500000           -0.488000         1          
       439022.937500      6471316.500000           -0.515500         1          
       439022.937500      6471341.500000           -0.476500         1          
       439022.937500      6471366.500000           -0.523500         1          
       439022.937500      6471391.500000           -0.737500         1          
       439022.937500      6471416.500000           -0.763250         1          
       439022.937500      6471441.500000           -0.925750         1          
       439022.937500      6471466.500000           -0.569250         1          
       439022.937500      6471491.500000           -0.437000         1          
       439022.937500      6471516.500000           -0.411500         1          
       439022.937500      6471541.500000           -0.331500         1          
       439022.937500      6471566.500000           -0.431000         1          
       439047.937500      6471591.500000           -0.509000         1          
       439072.937500      6471616.500000           -0.598000         1          
       439097.937500      6471641.500000           -0.879000         1          
       439122.937500      6471616.500000           -0.587000         1          
       439122.937500      6471591.500000           -0.499000         1          
       439147.937500      6471566.500000           -0.636500         1          
       439172.937500      6471566.500000           -0.595750         1          
       439197.937500      6471566.500000           -0.442000         1          
       439197.937500      6471591.500000           -0.590000         1          
       439222.937500      6471616.500000           -0.309000         1          
       439247.937500      6471641.500000           -0.406000         1          
       439272.937500      6471666.500000           -0.508000         1          
       439272.937500      6471691.500000           -0.572333         1          
       439272.937500      6471716.500000           -0.883750         1          
       439272.937500      6471741.500000           -0.808500         1          
       439272.937500      6471766.500000           -0.523750         1          
       439272.937500      6471791.500000           -0.351000         1          
       439247.937500      6471816.500000           -0.644750         1          
       439247.937500      6471841.500000           -0.791250         1          
       439247.937500      6471866.500000           -0.763250         1          
       439247.937500      6471891.500000           -0.676250         1          
       439247.937500      6471916.500000           -0.646000         1          
       439272.937500      6471941.500000           -0.454000         1          
       439272.937500      6471966.500000           -0.723000         1          
       439272.937500      6471991.500000           -0.494750         1          
       439272.937500      6472016.500000           -0.570750         1          
       439272.937500      6472041.500000           -0.629750         1          
       439272.937500      6472066.500000           -0.739500         1          
       439272.937500      6472091.500000           -0.709000         1          
       439272.937500      6472116.500000           -0.620000         1          
       439272.937500      6472141.500000           -0.213000         1          
       439247.937500      6472166.500000           -0.737000         1          
       439247.937500      6472191.500000           -0.564750         1          
       439272.937500      6472216.500000           -0.324000         1          
       439247.937500      6472241.500000           -1.064000         1          
       439272.937500      6472266.500000           -0.270000         1          
       439247.937500      6472266.500000           -0.488250         1          
       439222.937500      6472266.500000           -0.708750         1          
       439197.937500      6472291.500000           -0.937500         1          
       439197.937500      6472316.500000           -0.457000         1          
       439222.937500      6472341.500000           -0.449000         1          
       439247.937500      6472366.500000           -0.405750         1          
       439272.937500      6472391.500000           -0.471000         1          
       439272.937500      6472416.500000           -0.536000         1          
       439247.937500      6472416.500000           -0.599750         1          
       439222.937500      6472441.500000           -0.502333         1          
       439222.937500      6472466.500000           -0.301000         1          
       439197.937500      6472491.500000           -0.589500         1          
       439197.937500      6472516.500000           -0.587250         1          
       439222.937500      6472541.500000           -0.623000         1          
       439222.937500      6472566.500000           -0.465500         1          
       439247.937500      6472591.500000           -0.393750         1          
       439247.937500      6472616.500000           -0.639000         1          
       439247.937500      6472641.500000           -0.617750         1          
       439247.937500      6472666.500000           -0.479750         1          
       439247.937500      6472691.500000           -0.406000         1          
       439247.937500      6472716.500000           -0.272000         1          
       439247.937500      6472741.500000           -0.222000         1          
       439247.937500      6472766.500000           -0.239000         1          
       439247.937500      6472791.500000           -0.355000         1          
       439247.937500      6472816.500000           -0.300000         1          
       439247.937500      6472841.500000           -0.420000         1          
       439247.937500      6472866.500000           -0.416500         1          
       439247.937500      6472891.500000           -0.268500         1          
       439247.937500      6472916.500000           -0.355000         1          
       439247.937500      6472941.500000           -0.455500         1          
       439247.937500      6472966.500000           -0.443500         1          
       439247.937500      6472991.500000           -0.493750         1          
       439247.937500      6473016.500000           -0.617250         1          
       439247.937500      6473041.500000           -0.621000         1          
       439247.937500      6473066.500000           -0.569000         1          
       439247.937500      6473091.500000           -0.495250         1          
       439272.937500      6473116.500000           -0.474500         1          
       439272.937500      6473141.500000           -0.395500         1          
       439272.937500      6473166.500000           -0.484250         1          
       439272.937500      6473191.500000           -0.525000         1          
       439297.937500      6473216.500000           -0.581000         1          
       439322.937500      6473241.500000           -0.381000         1          
       439347.937500      6473266.500000           -0.530000         1          
       439347.937500      6473291.500000           -0.791000         1          
       439372.937500      6473316.500000           -0.283000         1          
       439397.937500      6473341.500000           -0.504000         1          
       439397.937500      6473366.500000           -0.416000         1          
       439397.937500      6473391.500000           -0.644000         1          
       439397.937500      6473416.500000           -0.771667         1          
       439397.937500      6473441.500000           -0.736500         1          
       439397.937500      6473466.500000           -0.551000         1          
       439397.937500      6473491.500000           -0.358000         1          
       439397.937500      6473516.500000           -0.250000         1          
       439372.937500      6473541.500000           -0.386500         1          
       439347.937500      6473566.500000           -0.168000         1          
       439322.937500      6473541.500000           -0.775333         1          
       439297.937500      6473566.500000           -0.431500         1          
       439272.937500      6473591.500000           -0.498250         1          
       439297.937500      6473616.500000           -0.522000         1          
       439322.937500      6473641.500000           -0.391000         1          
       439322.937500      6473666.500000           -0.457500         1          
       439322.937500      6473691.500000           -0.451500         1          
       439322.937500      6473716.500000           -0.466000         1          
       439322.937500      6473741.500000           -0.444500         1          
       439322.937500      6473766.500000           -0.441000         1          
       439297.937500      6473791.500000           -0.319500         1          
       439272.937500      6473816.500000           -0.502500         1          
       439247.937500      6473816.500000           -0.344333         1          
       439222.937500      6473816.500000           -0.458667         1          
       439197.937500      6473841.500000           -0.405500         1          
       439172.937500      6473866.500000           -0.547250         1          
       439172.937500      6473891.500000           -0.309000         1          
       439147.937500      6473891.500000           -0.489500         1          
       439122.937500      6473916.500000           -0.655750         1          
       439122.937500      6473941.500000           -0.374000         1          
       439122.937500      6473966.500000           -0.343000         1          
       439097.937500      6473966.500000           -0.485000         1          
       439072.937500      6473966.500000           -0.233000         1          
       439072.937500      6473941.500000           -0.571500         1          
       439047.937500      6473916.500000           -0.471500         1          
       439022.937500      6473891.500000           -0.350000         1          
       439022.937500      6473866.500000           -0.511000         1          
       439022.937500      6473841.500000           -0.758000         1          
       439022.937500      6473816.500000           -0.530000         1          
       439022.937500      6473791.500000           -0.448000         1          
       439022.937500      6473766.500000           -0.335500         1          
       439022.937500      6473741.500000           -0.400500         1          
       439022.937500      6473716.500000           -0.335500         1          
       439022.937500      6473691.500000           -0.355500         1          
       439022.937500      6473666.500000           -0.491667         1          
       438997.937500      6473641.500000           -0.364250         1          
       438972.937500      6473616.500000           -0.570000         1          
       438947.937500      6473591.500000           -0.616750         1          
       438922.937500      6473591.500000           -0.523000         1          
       438897.937500      6473591.500000           -0.414667         1          
       438872.937500      6473616.500000           -0.406500         1          
       438847.937500      6473591.500000           -0.385000         1          
       438822.937500      6473591.500000           -0.422000         1          
       438797.937500      6473591.500000           -0.675250         1          
       438772.937500      6473616.500000           -0.520333         1          
       438772.937500      6473641.500000           -0.451500         1          
       438772.937500      6473666.500000           -0.313000         1          
       438747.937500      6473666.500000           -0.418000         1          
       438722.937500      6473666.500000           -0.315000         1          
       438722.937500      6473641.500000           -0.443667         1          
       438697.937500      6473616.500000           -0.500000         1          
       438672.937500      6473641.500000           -0.716000         1          
       438672.937500      6473666.500000           -0.541500         1          
       438672.937500      6473691.500000           -0.567250         1          
       438672.937500      6473716.500000           -0.663000         1          
       438647.937500      6473691.500000           -0.441000         1          
       438647.937500      6473666.500000           -0.546000         1          
       438647.937500      6473641.500000           -0.656000         1          
       438647.937500      6473616.500000           -0.510500         1          
       438647.937500      6473591.500000           -0.735000         1          
       438647.937500      6473566.500000           -0.468250         1          
       438622.937500      6473541.500000           -0.279000         1          
       438622.937500      6473516.500000           -0.531000         1          
       438622.937500      6473491.500000           -0.695000         1          
       438647.937500      6473466.500000           -0.179000         1          
       438672.937500      6473491.500000           -0.818000         1          
       438697.937500      6473466.500000           -0.296000         1          
       438697.937500      6473441.500000           -0.408000         1          
       438697.937500      6473416.500000           -0.409000         1          
       438722.937500      6473391.500000           -0.760500         1          
       438722.937500      6473366.500000           -0.391000         1          
       438722.937500      6473341.500000           -0.293000         1          
       438722.937500      6473316.500000           -0.230500         1          
       438722.937500      6473291.500000           -0.346000         1          
       438722.937500      6473266.500000           -0.554000         1          
       438722.937500      6473241.500000           -0.630000         1          
       438722.937500      6473216.500000           -0.685500         1          
       438722.937500      6473191.500000           -0.724500         1          
       438722.937500      6473166.500000           -0.596000         1          
       438747.937500      6473166.500000           -0.661333         1          
       438772.937500      6473141.500000           -0.420750         1          
       438772.937500      6473116.500000           -0.343500         1          
       438747.937500      6473091.500000           -0.467500         1          
       438747.937500      6473066.500000           -0.543000         1          
       438747.937500      6473041.500000           -0.520000         1          
       438747.937500      6473016.500000           -0.491000         1          
       438747.937500      6472991.500000           -0.447500         1          
       438747.937500      6472966.500000           -0.374500         1          
       438772.937500      6472941.500000           -0.529000         1          
       438797.937500      6472941.500000           -0.677500         1          
       438822.937500      6472916.500000           -0.404000         1          
       438822.937500      6472891.500000           -0.578000         1          
       438822.937500      6472866.500000           -0.563000         1          
       438847.937500      6472841.500000           -0.814250         1          
       438847.937500      6472816.500000           -0.818000         1          
       438847.937500      6472791.500000           -0.392500         1          
       438847.937500      6472766.500000           -0.596500         1          
       438847.937500      6472741.500000           -0.649500         1          
       438847.937500      6472716.500000           -0.544333         1          
       438847.937500      6472691.500000           -0.442500         1          
       438847.937500      6472666.500000           -0.429000         1          
       438847.937500      6472641.500000           -0.785000         1          
       438847.937500      6472616.500000           -0.719500         1          
       438847.937500      6472591.500000           -0.831500         1          
       438847.937500      6472566.500000           -0.542000         1          
       438847.937500      6472541.500000           -0.421667         1          
       438822.937500      6472516.500000           -0.439000         1          
       438822.937500      6472491.500000           -0.484000         1          
       438822.937500      6472466.500000           -0.717500         1          
       438822.937500      6472441.500000           -0.982000         1          
       438797.937500      6472416.500000           -0.313000         1          
       438822.937500      6472391.500000           -1.134500         1          
       438797.937500      6472366.500000           -0.374000         1          
       438822.937500      6472341.500000           -0.859000         1          
       438822.937500      6472316.500000           -0.720500         1          
       438822.937500      6472291.500000           -0.532500         1          
       438822.937500      6472266.500000           -0.557667         1          
       438822.937500      6472241.500000           -0.595333         1          
       438822.937500      6472216.500000           -0.778500         1          
       438797.937500      6472191.500000           -0.639500         1          
       438797.937500      6472166.500000           -0.857000         1          
       438797.937500      6472141.500000           -1.178000         1          
       438797.937500      6472116.500000           -0.880500         1          
       438797.937500      6472091.500000           -0.780000         1          
       438797.937500      6472066.500000           -0.880667         1          
       438797.937500      6472041.500000           -0.801500         1          
       438797.937500      6472016.500000           -0.839000         1          
       438772.937500      6471991.500000           -0.327000         1          
       438747.937500      6471966.500000           -0.445333         1          
       438722.937500      6471991.500000           -0.286000         1          
       438697.937500      6471966.500000           -0.755000         1          
       438672.937500      6471966.500000           -0.774500         1          
       438647.937500      6471966.500000           -0.272000         1          
       438622.937500      6471991.500000           -0.811000         1          
       438622.937500      6472016.500000           -0.768500         1          
       438622.937500      6472041.500000           -0.407000         1          
       438597.937500      6472066.500000           -0.723000         1          
       438572.937500      6472066.500000           -0.172000         1          
       438547.937500      6472091.500000           -0.375000         1          
       438522.937500      6472091.500000           -0.520000         1          
       438497.937500      6472091.500000           -0.641000         1          
       438472.937500      6472066.500000           -0.398000         1          
       438447.937500      6472041.500000           -0.499000         1          
       438447.937500      6472016.500000           -1.057500         1          
       438422.937500      6471991.500000           -1.292250         1          
       438397.937500      6471991.500000           -1.264333         1          
       438372.937500      6472016.500000           -0.575000         1          
       438347.937500      6472016.500000           -1.261500         1          
       438322.937500      6472016.500000           -1.255333         1          
       438297.937500      6472016.500000           -1.119333         1          
       438272.937500      6472016.500000           -0.934000         1          
       438247.937500      6471991.500000           -0.932000         1          
       438222.937500      6471991.500000           -0.715500         1          
       438247.937500      6471966.500000           -1.229250         1          
       438222.937500      6471941.500000           -0.444000         1          
       438247.937500      6471916.500000           -1.227000         1          
       438247.937500      6471891.500000           -0.740750         1          
       438247.937500      6471866.500000           -0.559000         1          
       438247.937500      6471841.500000           -0.542000         1          
       438272.937500      6471816.500000           -0.434500         1          
       438272.937500      6471791.500000           -0.374500         1          
       438272.937500      6471766.500000           -0.601500         1          
       438272.937500      6471741.500000           -0.552500         1          
       438247.937500      6471716.500000           -0.738000         1          
       438222.937500      6471716.500000           -0.668000         1          
       438197.937500      6471691.500000           -0.507333         1          
       438172.937500      6471691.500000           -0.422333         1          
       438147.937500      6471716.500000           -0.992333         1          
       438172.937500      6471741.500000           -0.624000         1          
       438147.937500      6471766.500000           -0.530250         1          
       438147.937500      6471791.500000           -0.606500         1          
       438122.937500      6471766.500000           -0.443000         1          
       438097.937500      6471741.500000           -0.491500         1          
       438072.937500      6471766.500000           -0.395000         1          
       438072.937500      6471741.500000           -0.523000         1          
       438072.937500      6471716.500000           -0.440500         1          
       438072.937500      6471691.500000           -0.432000         1          
       438072.937500      6471666.500000           -0.498000         1          
       438072.937500      6471641.500000           -0.394000         1          
       438097.937500      6471616.500000           -0.559500         1          
       438097.937500      6471591.500000           -0.345000         1          
       438122.937500      6471566.500000           -0.320750         1          
       438122.937500      6471541.500000           -0.454250         1          
       438122.937500      6471516.500000           -0.589000         1          
       438147.937500      6471516.500000           -0.703000         1          
       438172.937500      6471516.500000           -0.643667         1          
       438197.937500      6471491.500000           -0.377250         1          
       438197.937500      6471466.500000           -0.485500         1          
       438197.937500      6471441.500000           -0.557750         1          
       438197.937500      6471416.500000           -0.639000         1          
       438172.937500      6471391.500000           -0.597000         1          
       438172.937500      6471366.500000           -0.643500         1          
       438172.937500      6471341.500000           -0.771500         1          
       438172.937500      6471316.500000           -0.402750         1          
       438172.937500      6471291.500000           -0.321000         1          
       438197.937500      6471266.500000           -0.660000         1          
       438172.937500      6471241.500000           -0.104000         1          
       438197.937500      6471216.500000           -0.739500         1          
       438197.937500      6471191.500000           -0.559000         1          
       438197.937500      6471166.500000           -0.469000         1          
       438222.937500      6471141.500000           -0.766000         1          
       438222.937500      6471116.500000           -0.561667         1          
       438222.937500      6471091.500000           -0.473500         1          
       438222.937500      6471066.500000           -0.439000         1          
       438222.937500      6471041.500000           -0.517000         1          
       438222.937500      6471016.500000           -0.312000         1          
       438247.937500      6470991.500000           -0.426500         1          
       438247.937500      6470966.500000           -0.599750         1          
       438247.937500      6470941.500000           -0.442250         1          
       438222.937500      6470916.500000           -0.401000         1          
       438222.937500      6470891.500000           -0.630000         1          
       438222.937500      6470866.500000           -0.546250         1          
       438222.937500      6470841.500000           -0.266500         1          
       438247.937500      6470841.500000           -0.352000         1          
       438272.937500      6470816.500000           -0.495250         1          
       438272.937500      6470791.500000           -0.774250         1          
       438247.937500      6470766.500000           -0.786000         1          
       438222.937500      6470766.500000           -0.598000         1          
       438197.937500      6470741.500000           -0.473000         1          
       438172.937500      6470741.500000           -0.420000         1          
       438147.937500      6470716.500000           -0.540500         1          
       438122.937500      6470716.500000           -0.514000         1          
       438122.937500      6470691.500000           -0.546000         1          
       438097.937500      6470666.500000           -0.885500         1          
       438072.937500      6470641.500000           -0.638000         1          
       438072.937500      6470616.500000           -0.429000         1          
       438072.937500      6470591.500000           -0.632000         1          
       438072.937500      6470566.500000           -0.566000         1          
       438097.937500      6470541.500000           -0.625000         1          
       438097.937500      6470516.500000           -0.350000         1          
       438122.937500      6470516.500000           -0.777500         1          
       438147.937500      6470491.500000           -0.598667         1          
       438147.937500      6470466.500000           -0.520000         1          
       438122.937500      6470441.500000           -0.343000         1          
       438147.937500      6470416.500000           -0.762500         1          
       438147.937500      6470391.500000           -0.567000         1          
       438172.937500      6470366.500000           -0.481750         1          
       438172.937500      6470341.500000           -0.411500         1          
       438147.937500      6470316.500000           -0.704000         1          
       438122.937500      6470316.500000           -0.615000         1          
       438122.937500      6470291.500000           -0.745500         1          
       438097.937500      6470266.500000           -0.364000         1          
       438097.937500      6470241.500000           -0.637500         1          
       438097.937500      6470216.500000           -0.643500         1          
       438097.937500      6470191.500000           -0.506500         1          
       438122.937500      6470166.500000           -0.474500         1          
       438122.937500      6470141.500000           -0.515000         1          
       438122.937500      6470116.500000           -0.473000         1          
       438147.937500      6470116.500000           -0.522250         1          
       438172.937500      6470116.500000           -0.516750         1          
       438197.937500      6470116.500000           -0.485000         1          
       438222.937500      6470116.500000           -0.608250         1          
       438247.937500      6470091.500000           -0.487500         1          
       438247.937500      6470066.500000           -0.691500         1          
       438247.937500      6470041.500000           -0.320000         1          
       438247.937500      6470016.500000           -0.298500         1          
       438222.937500      6469991.500000           -0.572000         1          
       438322.937500      6470416.500000           -0.466667         2          
       438297.937500      6470441.500000           -0.241500         2          
       438272.937500      6470466.500000           -0.412500         2          
       438247.937500      6470466.500000           -0.438000         2          
       438222.937500      6470441.500000           -0.487000         2          
       438197.937500      6470466.500000           -0.323000         2          
       438197.937500      6470491.500000           -0.464000         2          
       438197.937500      6470516.500000           -0.583000         2          
       438197.937500      6470541.500000           -0.870500         2          
       438197.937500      6470566.500000           -0.552500         2          
       438197.937500      6470591.500000           -0.359500         2          
       438222.937500      6470616.500000           -1.649000         2          
       438247.937500      6470616.500000           -1.165500         2          
       438272.937500      6470616.500000           -0.866500         2          
       438297.937500      6470591.500000           -0.431000         2          
       438322.937500      6470591.500000           -0.794500         2          
       438347.937500      6470591.500000           -1.007000         2          
       438372.937500      6470566.500000           -0.737750         2          
       438372.937500      6470541.500000           -0.420500         2          
       438372.937500      6470516.500000           -0.493500         2          
       438372.937500      6470491.500000           -0.715000         2          
       438372.937500      6470466.500000           -0.869250         2          
       438347.937500      6470441.500000           -0.420333         2          
       438322.937500      6470416.500000           -0.466667         2          
       438147.937500      6470566.500000           -0.480000         3          
       438122.937500      6470591.500000           -0.498000         3          
       438147.937500      6470616.500000           -1.293333         3          
       438172.937500      6470591.500000           -0.416500         3          
       438147.937500      6470566.500000           -0.480000         3          
       439072.937500      6472266.500000           -0.816000         4          
       439047.937500      6472266.500000           -0.492000         4          
       439022.937500      6472291.500000           -0.714500         4          
       439022.937500      6472316.500000           -0.600500         4          
       439022.937500      6472341.500000           -0.863500         4          
       439022.937500      6472366.500000           -0.519000         4          
       439022.937500      6472391.500000           -0.613500         4          
       439022.937500      6472416.500000           -0.523000         4          
       439022.937500      6472441.500000           -0.557500         4          
       439022.937500      6472466.500000           -0.802000         4          
       439022.937500      6472491.500000           -0.700500         4          
       439022.937500      6472516.500000           -0.616500         4          
       439022.937500      6472541.500000           -0.653000         4          
       439022.937500      6472566.500000           -0.679750         4          
       439022.937500      6472591.500000           -0.929750         4          
       439022.937500      6472616.500000           -1.090750         4          
       439022.937500      6472641.500000           -0.755250         4          
       439022.937500      6472666.500000           -0.651500         4          
       439022.937500      6472691.500000           -0.711500         4          
       439022.937500      6472716.500000           -0.607000         4          
       439047.937500      6472741.500000           -0.543000         4          
       439047.937500      6472766.500000           -0.586000         4          
       439047.937500      6472791.500000           -0.707500         4          
       439047.937500      6472816.500000           -0.420333         4          
       439072.937500      6472841.500000           -0.669000         4          
       439072.937500      6472866.500000           -0.704500         4          
       439072.937500      6472891.500000           -0.601333         4          
       439072.937500      6472916.500000           -0.361500         4          
       439047.937500      6472941.500000           -0.343000         4          
       439047.937500      6472966.500000           -0.215000         4          
       439047.937500      6472991.500000           -0.452000         4          
       439047.937500      6473016.500000           -0.434500         4          
       439047.937500      6473041.500000           -0.352500         4          
       439047.937500      6473066.500000           -0.540333         4          
       439047.937500      6473091.500000           -0.529000         4          
       439047.937500      6473116.500000           -0.706250         4          
       439047.937500      6473141.500000           -0.710000         4          
       439072.937500      6473166.500000           -0.679250         4          
       439097.937500      6473141.500000           -0.516000         4          
       439122.937500      6473141.500000           -0.490000         4          
       439147.937500      6473166.500000           -0.566000         4          
       439172.937500      6473141.500000           -0.172000         4          
       439197.937500      6473166.500000           -0.366500         4          
       439222.937500      6473141.500000           -0.436500         4          
       439222.937500      6473116.500000           -0.411500         4          
       439222.937500      6473091.500000           -0.560000         4          
       439222.937500      6473066.500000           -0.735500         4          
       439222.937500      6473041.500000           -0.699000         4          
       439222.937500      6473016.500000           -0.607750         4          
       439222.937500      6472991.500000           -0.418750         4          
       439222.937500      6472966.500000           -0.436333         4          
       439222.937500      6472941.500000           -0.515500         4          
       439222.937500      6472916.500000           -0.327500         4          
       439222.937500      6472891.500000           -0.312000         4          
       439222.937500      6472866.500000           -0.515500         4          
       439222.937500      6472841.500000           -0.337500         4          
       439222.937500      6472816.500000           -0.292000         4          
       439222.937500      6472791.500000           -0.248000         4          
       439222.937500      6472766.500000           -0.286500         4          
       439222.937500      6472741.500000           -0.230000         4          
       439197.937500      6472716.500000           -0.542667         4          
       439172.937500      6472716.500000           -0.822500         4          
       439147.937500      6472716.500000           -0.500000         4          
       439122.937500      6472691.500000           -0.616000         4          
       439122.937500      6472666.500000           -0.773500         4          
       439122.937500      6472641.500000           -0.703000         4          
       439122.937500      6472616.500000           -0.384000         4          
       439122.937500      6472591.500000           -0.447500         4          
       439122.937500      6472566.500000           -0.608500         4          
       439122.937500      6472541.500000           -0.357667         4          
       439122.937500      6472516.500000           -0.449750         4          
       439122.937500      6472491.500000           -0.469000         4          
       439122.937500      6472466.500000           -0.553750         4          
       439122.937500      6472441.500000           -0.530250         4          
       439122.937500      6472416.500000           -0.538250         4          
       439122.937500      6472391.500000           -0.571500         4          
       439122.937500      6472366.500000           -0.376500         4          
       439122.937500      6472341.500000           -0.726500         4          
       439122.937500      6472316.500000           -1.037750         4          
       439097.937500      6472291.500000           -0.549000         4          
       439072.937500      6472266.500000           -0.816000         4          
