438886.037920709 6473312.57940581
438931.462145139 6473226.36619899
439024.238391108 6472977.14534932
439105.176118459 6472623.43679341
439148.208226089 6472236.14782474
439157.770916675 6471887.1096184
439124.811246302 6471582.06635506
438949.399736424 6471273.64559957
438744.038636953 6471038.30595695
438611.436502976 6470950.23950377
438506.246906544 6470897.64470555
438323.620409386 6470835.75890285
438347.527135848 6470983.98060691
438358.292496165 6471146.87313556
438318.086335001 6471368.00702197
438257.777093255 6471504.70796992
438213.550315974 6471713.78000798
438223.157349821 6471963.26199741
438373.858417709 6472055.30209609
438651.176444664 6472232.2118719
438805.090501069 6472361.51043265
438907.935650239 6472518.60856497
438965.611161679 6472753.51771329
438941.332116683 6472981.4356683
438816.850607787 6473416.17836245
438886.037920709 6473312.57940581