438534.250308908 6471974.07152157
438784.434741909 6472045.14664458
438746.937630463 6472274.46375882
439074.271073147 6472445.48525592
439111.230137113 6472203.82983768
439114.465928539 6471793.32699481
439052.392941478 6471579.80737728
438971.250821172 6471366.80931148
438930.679761019 6471268.76258277
438824.84814472 6471097.6674863
438619.276568813 6470828.19706565
438492.570918566 6470589.12980103
438420.92825668 6470493.30033747
438356.302577734 6470252.04495792
438289.36374364 6470134.90199825
438162.658093393 6470079.91652739
438083.765896069 6470137.2926709
438040.733788438 6470342.89051847
438098.493940345 6470578.76207336
438277.411357527 6470787.83411142
438319.62782675 6470932.57629161
438361.934865742 6471070.25296124
438365.955481859 6471182.8302125
438301.535054226 6471290.41112597
438257.308276945 6471447.21515451
438229.596927486 6471626.68172947
438291.483513935 6471686.44181344
438359.259241324 6471804.89712397
438394.553340072 6471942.25051877
438534.250308908 6471974.07152157
