437922.274877988 6470799.17451039
438059.720588799 6471055.52870498
438054.034578958 6471152.19087227
437985.802460867 6471322.7711675
437968.744431344 6471442.17737416
437906.577789326 6471539.60632952
437801.388192894 6471582.63843715
437665.119852062 6471575.46641921
437531.242183876 6471568.29440127
437498.582397589 6471565.35366699
437469.844563314 6471585.63919707
437479.987328352 6471617.75795302
437520.558388505 6471666.78131737
437589.654481465 6471724.88585063
437764.426893141 6471818.02714849
437878.228554115 6471921.82020945
438026.989108009 6471945.4866612
438136.714698645 6472074.57536952
438178.011833336 6472194.82592482
438232.290150908 6472275.23824715
438285.129264834 6472333.21452481
438305.030299277 6472427.03368718
438361.890397687 6472435.56270195
438444.33754038 6472429.8766921
438518.255668313 6472466.83575607
438576.98616409 6472594.01649488
438601.647245505 6472678.33528563
438553.399852108 6472790.91253689
438529.276155409 6472903.48978815
438577.523548806 6472999.98457495
438657.76538852 6473130.4557924
438738.907508825 6473282.59726797
438912.884489175 6473500.70825907
438958.047450787 6473603.1344801
439048.893011342 6473670.0733142
439134.957226604 6473693.98004066
439218.63076922 6473653.33860567
439273.616240082 6473548.14900924
439323.820365652 6473442.95941281
439330.402386034 6473302.1023565
439468.227515104 6473216.643346
439578.223777111 6473088.21158184
439652.141905044 6472971.6483801
439683.414959169 6472883.51522757
439720.374023135 6472758.42301106
439700.472988692 6472641.85980933
439635.944148468 6472516.86206893
439583.766542336 6472457.75299892
439624.33760249 6472407.03917373
439656.048741801 6472368.10392987
439631.925045102 6472287.69160754
439611.82196452 6472207.27928521
439567.593674489 6472134.90353787
439471.098887695 6472062.53244777
439459.037039346 6471937.89334816
439487.181352161 6471845.41917748
439453.065293115 6471765.81503971
439322.287066773 6471581.01971988
439219.938889636 6471512.78760179
439131.805737102 6471438.86947386
439077.788643613 6471316.62026228
438927.109382828 6471074.96484404
438812.512613746 6470837.55986146
438650.228373135 6470607.65718726
438598.843457109 6470473.3215854
438587.471437427 6470388.03143779
438567.570402984 6470334.0143443
438536.297348858 6470314.11330985
438493.652275051 6470319.79931969
438473.751240608 6470160.59104415
438442.478186483 6470092.35892606
438391.304097914 6469984.32473908
438347.223482708 6469843.09638434
438414.255575448 6469718.57054886
438441.748310879 6469685.10113181
438444.138983526 6469662.38974167
438388.71957219 6469650.21940821
438362.585567433 6469630.11632762
438355.898481859 6469595.05489024
438308.565578347 6469466.57986642
438264.613596515 6469368.53313772
438252.624688582 6469303.45016086
438274.600679498 6469263.72433113
438309.255126713 6469240.05787937
438354.052338966 6469242.59357063
438368.815087325 6469228.56445324
438397.503159079 6469175.96965502
438435.753921418 6469125.76552945
438419.019212895 6469070.78005859
438287.41441936 6469101.95182734
438227.7654012 6469123.37485681
438187.123966215 6469183.14167296
438148.57934949 6469342.47343527
438088.812533336 6469435.70966847
438067.29647952 6469586.32204518
438055.343116289 6469732.1530766
437956.084094781 6470048.60989757
437920.398988721 6470100.63411937
437884.213443674 6470197.12890617
437880.192827557 6470474.5514182
437904.316524256 6470611.25236616
437900.295908139 6470695.6853046
437922.274877988 6470799.17451039
