438392.60161508 6469335.59648425
438432.807776244 6469325.54494396
438444.0070229 6469209.67992634
438436.82839236 6469128.53475425
438404.663463429 6469076.26674474
438356.416070032 6469092.3492092
438332.292373333 6469190.85430406
438300.127444401 6469210.95738464
438243.838818771 6469216.98830881
438199.61204149 6469261.21508609
438160.163853393 6469276.09537122
438158.153545335 6469308.26030015
438158.153545335 6469374.60046608
438125.988616403 6469426.86847559
438123.978308345 6469457.02309646
438150.112313102 6469455.0127884
438192.328782325 6469368.5695419
438199.588759225 6469337.15933958
438194.807413933 6469301.29924989
438216.323467749 6469282.17386872
438242.58648378 6469282.1262954
438296.106828285 6469273.27693444
438344.354221682 6469269.25631833
438392.60161508 6469335.59648425