438577.312839081 6473898.86788629
438641.642696944 6473848.61018483
438695.921014516 6473816.4452559
438738.137483739 6473764.17724639
438716.024095098 6473691.80615629
438742.158099855 6473639.53814678
438802.348985713 6473605.9839723
438840.599748051 6473711.17356873
438862.115801867 6473756.59634901
438864.506474513 6473821.14451046
438890.803873621 6473926.33410689
438914.710600083 6473988.49159569
438945.789344483 6473995.66361363
439010.33750593 6473995.66361363
439075.146861176 6473924.13615834
439177.495038312 6473912.76413866
439342.389323698 6473838.84601073
439501.597599242 6473719.43980407
439512.969618924 6473395.33724314
439626.689815742 6472946.14246571
439382.191392584 6472314.99537337
439305.429231846 6472180.6357998
439305.429231846 6472038.63708926
439275.000936731 6471967.637734
439143.144991234 6471876.35284865
439159.880813738 6471752.55557224
439138.558276834 6471726.96852796
439077.433671043 6471670.10842955
438972.871619488 6471566.31556364
438860.502408414 6471539.99442748
438743.904541038 6471483.70580185
438669.820113671 6471593.79683947
438572.699339998 6471780.21310498
438541.620595597 6471883.01202877
438498.857264193 6471987.94646252
438544.72789717 6472054.36363659
438754.752612571 6472180.42781278
438780.339656855 6472339.63608832
438777.496651935 6472484.62933927
438734.851578127 6472618.25057053
438672.305469877 6472777.45884608
438596.049363673 6472922.41958133
438565.621068558 6473006.94262332
438552.09738184 6473091.4656653
438404.19769995 6473156.52482982
438392.825680268 6473361.22118409
438422.519118598 6473478.71350212
438456.694355588 6473539.02274387
438525.044829567 6473814.43494784
438577.312839081 6473898.86788629