437896.517096473 6471825.68585355
437823.847837565 6471742.32371616
437786.939165725 6471748.30361055
437754.518330825 6471737.54237087
437721.048913779 6471704.07295382
437685.188824086 6471692.11959059
437656.160939382 6471714.1875515
437588.522687001 6471698.84485554
437552.337141953 6471653.61292423
437558.368066128 6471631.49953559
437523.530929692 6471587.98521537
437455.684250053 6471510.42846948
437428.720545743 6471491.01166525
437411.66251622 6471495.27617263
437397.447491617 6471505.22668985
437383.232467015 6471481.06114803
437362.448016852 6471479.34972508
437335.889776483 6471498.39079086
437454.19985105 6471713.10831877
437561.780120129 6471745.3823995
437591.454199413 6471707.38266397
437630.54551707 6471715.91167873
437629.124014609 6471727.99444964
437651.157302744 6471738.6557181
437678.016806148 6471749.4957341
437708.017401154 6471767.0857673
437737.558252593 6471756.25757746
437770.003377511 6471751.76772562
437791.325914415 6471764.56124776
437828.284978382 6471821.42134617
437868.087047269 6471847.00839046
437896.517096473 6471825.68585355