438682.942393853 6470874.59830553
438682.942393853 6470719.07590828
438601.800273548 6470440.4576548
438534.551870017 6470220.89086496
438483.377781449 6470158.34475671
438409.459653517 6470129.9147075
438392.401623994 6469942.27638275
438406.501494242 6469848.40373535
438468.821044047 6469780.05326137
438463.605758281 6469721.48244821
438411.010960065 6469664.1063047
438415.145663358 6469629.54584151
438398.087633835 6469549.94170373
438293.466479009 6469438.12910752
438228.589272658 6469428.30708709
438193.391279563 6469458.96554628
438132.419185148 6469583.24023116
438135.04060545 6469706.61853412
438051.277064843 6469880.76133894
437963.373101179 6470178.28244673
437832.465008443 6470519.40479598
437951.998640751 6470715.43995296
438009.374784259 6470825.41089469
438098.344477268 6470922.8111185
438155.204575677 6471079.17638912
438190.185193655 6471165.3493453
438217.232567091 6471221.13455301
438259.494088084 6471285.37206492
438347.398051749 6471302.27667332
438452.206623812 6471314.1098992
438562.086578393 6471317.49082088
438617.871786104 6471287.06252576
438708.156605675 6471217.76156244
438725.214635198 6471129.6284099
438710.999610595 6471067.08230165
438682.942393853 6470874.59830553