438640.79371834 6473829.06658175
438698.327733073 6473819.14692404
438716.183116956 6473799.30760862
438710.231322328 6473743.75752543
438660.633033765 6473725.90214154
438658.649102222 6473690.19137378
438700.311664615 6473670.35205835
438738.006363923 6473664.40026373
438747.926021636 6473632.65735905
438718.167048498 6473608.85018054
438674.520554563 6473567.18761814
438676.504486105 6473521.55719266
438642.777649882 6473485.8464249
438601.115087489 6473507.66967187
438567.388251266 6473563.21975506
438581.275772064 6473612.81804362
438605.082950574 6473642.57701676
438555.484662011 6473692.17530532
438561.436456639 6473759.62897777
438578.750567101 6473800.5679981
438640.79371834 6473829.06658175
