437840.723162713 6471890.64177312
437859.570512367 6471886.17792715
437867.010255652 6471860.88279998
437883.377690878 6471848.97921073
437884.369656649 6471833.10775839
437858.578546596 6471804.34075102
437826.835641915 6471791.44519599
437763.349832555 6471787.47733291
437701.847954736 6471797.39699062
437642.330008461 6471823.18810068
437628.442487663 6471864.85066307
437675.560861795 6471860.3868171
437715.735475534 6471858.89886844
437757.398037926 6471859.39485133
437787.157011065 6471868.81852615
437818.403932859 6471881.71408118
437840.723162713 6471890.64177312
