438067.149005686 6471807.7981826
437972.66452695 6471721.35493609
437849.934698298 6471684.4082084
437764.644550683 6471651.71365181
437739.468792196 6471618.82922512
437740.479008858 6471592.01054848
437773.173565444 6471574.95251896
437842.827185996 6471576.37402142
437898.283128796 6471574.60244784
437968.643910834 6471500.22104969
438010.103655125 6471392.77916067
438050.309816289 6471300.30498999
438086.642959978 6471193.39014609
438084.632651919 6471042.61704172
438024.323410173 6470948.13256299
437978.086324834 6470873.75116483
437878.045440709 6470739.20979661
437893.360592415 6470696.01404406
437920.644600312 6470676.49498104
437976.302992113 6470664.72682864
437984.832006875 6470617.81724745
438013.551719017 6470600.78375352
438286.634037886 6470684.41146137
438483.963804637 6470829.95887216
438655.781168116 6470958.97783791
438821.695558415 6471083.25768749
439107.15930268 6471489.33991525
439208.247257814 6471597.8305826
439284.066411802 6471794.90674009
439348.396269665 6472040.16432319
439280.045795686 6472108.51479717
439143.344847728 6472140.6797261
439070.973757632 6472217.07143232
438993.578473047 6472450.209789
438950.143988949 6472557.67856325
438949.531902848 6472702.96349826
438965.614367314 6472831.62321399
438997.779296245 6472903.99430408
439078.385463052 6472793.96735383
439107.123297327 6472750.015372
439112.030157397 6472682.59530966
439122.053496864 6472575.30389113
439182.910087094 6472500.92361419
439206.57653885 6472352.16306029
439243.766677323 6472490.78084915
439240.385755644 6472588.82757785
439193.052852132 6472690.25522823
439156.256934678 6472744.91485947
439182.910087094 6472805.20656533
439250.528520682 6472818.73025205
439284.337737476 6472801.82564365
439291.099580834 6472727.44536671
439287.718659155 6472527.97098762
439345.37371379 6472467.57656101
439421.875238468 6472539.2967404
439445.78196493 6472656.43970006
439474.470036684 6472859.64687498
439480.465090942 6473027.56370645
439452.035041737 6473104.3248393
439383.802923645 6473101.48183438
439318.413810475 6473115.69685898
439255.867702224 6473067.36577534
439196.164598894 6473081.58079994
439139.304500485 6473104.3248393
439117.264648767 6473202.77075621
439145.408961581 6473331.43047193
439165.512042163 6473500.29634882
439165.512042163 6473669.16222571
439137.367729349 6473777.71886086
439105.202800417 6473825.96625425
439048.914174788 6473829.98687037
439000.666781391 6473785.76009309
438948.398771877 6473813.9044059
438916.233842946 6473894.31672823
438851.903985083 6473902.35796046
438759.429814406 6473854.11056706
438638.811330914 6473797.82194144
438598.60516975 6473721.43023522
438666.955643729 6473669.16222571
438707.161804893 6473608.85298396
438763.450430522 6473536.48189387
438883.719692764 6473533.09328788
438898.912666022 6473383.34417251
438902.293587702 6473285.2974438
438874.15700218 6473126.67893803
438897.263893335 6473020.59217146
438885.202044985 6472912.03553632
438893.855363319 6472702.42074344
438913.958443901 6472525.51363432
438932.721882817 6472379.21043373
438868.484370908 6472257.49725327
438737.262619971 6472132.63849387
438487.984420753 6472100.47356494
438321.507020446 6472057.26829442
438215.777194488 6471941.37401541
438067.149005686 6471807.7981826