437160.96981715 6472348.60652521
437426.330480833 6472034.99846813
437514.784035394 6471894.27690406
437606.967818592 6471885.83711202
437711.794225098 6471850.05012678
437611.870101236 6471829.85470024
437578.295101244 6471759.34480619
437526.02709173 6471690.99433221
437456.671463721 6471669.8860976
437389.118431379 6471677.72417024
437336.830352689 6471678.5982837
437355.002372333 6471708.99722437
437362.109884634 6471744.53478588
437386.275426458 6471818.45291381
437340.120329924 6471962.10944281
437289.629532875 6472087.26647765
437160.96981715 6472348.60652521