
438370.317328286 6470525.59258594
438456.381543547 6470468.21644243
438437.256162378 6470324.77608366
438399.00540004 6470214.80514194
438332.066565947 6470147.86630785
438355.973292409 6470052.239402
438413.349435917 6469990.0819132
438432.474817086 6469865.7669356
438443.729543182 6469789.59368509
438452.645591768 6469722.52266848
438401.084469375 6469647.44343907
438409.613484136 6469593.42634558
438360.754637701 6469550.19814631
438381.803098607 6469490.94070647
438365.068390084 6469337.93765711
438379.88001887 6469248.97339289
438329.208300391 6469199.27864364
438279.004174822 6469129.9491369
438183.844861885 6469182.0345588
438181.396785878 6469293.03917635
438158.652746515 6469344.21326492
438087.577623503 6469361.27129444
438059.529884285 6469397.19509696
438022.188510332 6469523.32257491
438051.571484813 6469580.05783852
438099.384937737 6469642.21532733
438073.087538629 6469664.92671746
438021.688076736 6469686.44277128
437979.602094009 6469772.3363304
437901.745489639 6469923.14307911
437944.77759727 6470281.74397603
438102.561991916 6470444.30971597
438370.317328286 6470525.59258594
