438560.3376339 6474492.98961778
438628.569751992 6474481.6175981
438625.017977872 6474392.62767236
438680.803185583 6474365.58029892
438738.278854133 6474319.93785625
438745.040697492 6474264.15264854
438746.731158332 6474228.65297091
438763.635766729 6474216.81974503
438787.302218485 6474247.24804014
438804.206826882 6474252.31942266
438826.182817799 6474274.29541358
438836.325582837 6474297.96186534
438861.682495433 6474289.50956114
438875.20618215 6474262.4621877
438890.420329708 6474230.34343175
438915.862192243 6474220.87172831
438964.87098149 6474232.82509154
438982.801026337 6474213.69971037
438990.157519251 6474171.17730236
439018.895353527 6474162.72499816
439042.561805283 6474172.8677632
439076.371022077 6474188.08191075
439094.966091314 6474203.29605831
439111.870699711 6474235.41481427
439142.298994826 6474267.53357022
439167.655907422 6474269.22403106
439198.84184916 6474240.80567004
439216.934621684 6474196.57889276
439297.346944013 6474172.45519606
439343.584029352 6474134.25934296
439349.614953527 6474088.02225762
439393.841730808 6474061.88825286
439440.078816147 6474007.60993529
439485.676207049 6473978.09500885
439566.818327355 6473998.38053893
439587.103857431 6473924.00026198
439583.722935752 6473849.61998504
439478.91436369 6473846.23906336
439455.247911934 6473809.04892488
439499.199893767 6473765.09694305
439526.247267202 6473717.76403954
439583.722935752 6473663.66929267
439671.626899416 6473518.28966045
439685.33639925 6473434.67213869
439705.43611621 6473285.00606458
439698.674272852 6473227.53039603
439620.913074225 6473349.24357648
439580.342014072 6473437.14754015
439512.723580484 6473535.19426885
439468.771598652 6473545.33703389
439502.580815446 6473410.10016671
439560.056483996 6473318.81528137
439593.86570079 6473207.24486595
439631.055839263 6473058.48431206
439580.342014072 6472916.48560152
439478.760942568 6472727.15398749
439465.23725585 6472547.96513848
439441.570804094 6472443.15656642
439438.189882415 6472318.06246428
439417.904352339 6472115.20716352
439424.666195697 6471814.30513405
439426.241276056 6471726.68121896
439366.538172726 6471553.25791881
439284.091030032 6471448.06673675
439241.445956225 6471291.70146613
439164.684823372 6471300.23048089
439130.568764327 6471345.71855962
439107.824724963 6471371.3056039
439062.336646235 6471351.40456946
439048.121621633 6471195.03929883
438992.017683277 6471084.55469045
438974.959653754 6471024.85158712
438910.992043043 6471004.95055267
438892.512511059 6470938.13993704
438862.660959394 6470936.71843458
438848.445934792 6470973.67749855
438804.379358524 6470980.78501085
438788.742831461 6470959.46247395
438811.486870825 6470888.38735093
438815.751378206 6470850.00678451
438808.643865905 6470831.52725253
438777.370811779 6470832.94875498
438744.676255193 6470795.98969102
438764.577289637 6470700.74902618
438703.221628983 6470654.90923182
438658.994851703 6470528.25982415
438568.530989083 6470429.7547293
438550.438216559 6470327.22901833
438500.180515103 6470176.45591396
438455.953737822 6470106.09513193
438443.891889473 6470069.90958688
438463.994970055 6470011.61065319
438488.118666754 6469977.4354162
438527.372707923 6469896.10935569
438491.51261823 6469814.82648572
438396.039340255 6469755.90588764
438364.960595854 6469696.13907149
438403.211358193 6469684.18570825
438453.415483763 6469743.95252441
438527.372707923 6469747.88765163
438596.214360906 6469720.18022404
438633.173424872 6469742.92426341
438670.132488838 6469708.80820436
438664.446478997 6469651.94810595
438633.792828094 6469629.82481777
438605.648833029 6469579.71108866
438565.846764142 6469595.34761572
438551.631739539 6469579.71108866
438572.954276443 6469565.49606405
438614.17784779 6469558.38855175
438643.935593132 6469531.77808907
438796.077068705 6469552.06361914
438850.171815576 6469487.82610723
438954.980387637 6469410.06490861
439042.697416982 6469398.0075451
439049.646194661 6469241.01882464
439151.254052125 6469156.77057811
439308.058080665 6469164.81181034
439380.42917076 6469108.52318471
439360.326090178 6469044.19332685
439279.91376785 6469048.21394297
439167.336516591 6469088.42010413
439159.295284358 6468967.80162064
439034.656184749 6468995.94593346
438986.535483861 6469014.79736733
438969.800775338 6469105.64292788
438962.628757399 6469182.14445256
438965.019430046 6469232.34857813
438921.987322414 6469229.95790548
438893.29925066 6469174.97243462
438907.643286537 6469117.59629111
438907.643286537 6469057.82947496
438895.689923306 6468990.89064086
438850.267143029 6468959.81189646
438857.439160967 6468916.77978883
438766.593600413 6468902.43575295
438639.887950165 6468919.17046148
438639.887950165 6468957.42122382
438716.389474843 6468990.89064086
438706.826784258 6469014.79736733
438649.45064075 6468995.67198616
438556.214407549 6468957.42122382
438459.708080103 6468935.63669171
438431.899429947 6468998.0626588
438400.820685547 6469033.92274849
438319.537815577 6469072.17351083
438279.575412593 6469125.39309849
438242.594809817 6469144.70872976
438173.524369188 6469246.60985267
438189.606833654 6469361.19741199
438137.33882414 6469413.4654215
438095.122354918 6469459.70250684
438012.845045103 6469418.35850683
437924.966136621 6469434.19309014
437950.380174726 6469536.09421305
437920.225553852 6469552.17667752
437964.452331133 6469592.38283868
438040.844037346 6469624.54776761
438013.62065472 6469725.09910895
438004.645702556 6469901.72766118
438024.748783138 6469953.99567069
438003.205387669 6470042.81908427
437944.33646081 6470098.73785088
437943.438571515 6470202.99415157
437924.313190345 6470291.44903948
437902.79713653 6470406.20132649
437931.485208284 6470465.96814265
437943.438571515 6470520.95361351
437883.67175536 6470544.86033997
437874.109064775 6470633.31522788
437869.327719483 6470683.51935345
437924.767108244 6470745.45537534
437927.15778089 6470788.48748297
437955.845852644 6470810.00353678
437994.096614983 6470817.17555472
437998.877960276 6470886.50506146
438006.049978214 6470919.97447851
438061.035449076 6470943.88120497
438113.630247292 6470996.47600319
438138.264146436 6471061.24789948
438147.826837021 6471147.31211474
438140.654819082 6471254.89238382
438121.529437913 6471340.95659908
438039.030948307 6471521.5923228
438014.865406483 6471673.69308604
438024.815923705 6471795.94229762
438068.934639697 6471845.38852743
438114.602213811 6471923.56727035
438134.705294394 6471992.92289836
438195.396218935 6472050.39123801
438202.050614345 6472097.45891739
438229.512277981 6472129.99537578
438253.677819805 6472128.57387332
438276.421859169 6472124.30936594
438296.322893612 6472159.84692745
438331.860455118 6472164.11143483
438346.252666653 6472134.65991762
438365.976514164 6472114.35884872
438411.464592892 6472118.6233561
438423.561106877 6472145.26247621
438433.511624099 6472182.22154017
438474.735195446 6472195.01506231
438515.958766793 6472182.22154017
438575.757240687 6472110.75319115
438620.683003372 6472113.25860445
438678.059146881 6472127.60264032
438725.872599804 6472228.01089146
438744.997980974 6472349.93519642
438766.514034789 6472543.57968076
438776.076725374 6472608.12784221
438706.747218635 6472651.15994984
438682.840492173 6472708.53609334
438660.15085767 6472745.21044635
438603.948294849 6472727.66147451
438586.232729737 6472793.54153
438596.183246958 6472875.98867269
438527.951128867 6472958.43581539
438534.309943734 6473022.20212774
438493.835069821 6473063.62699745
438451.189996013 6473102.00756387
438471.091030457 6473175.92569181
438458.297508314 6473221.41377054
438381.321025663 6473250.05866295
438347.851608617 6473314.6068244
438321.554209509 6473371.9829679
438338.288918032 6473424.57776612
438424.353133294 6473371.9829679
438467.385240926 6473345.6855688
438464.99456828 6473381.54565849
438453.041205049 6473426.96843877
438402.837079479 6473503.46996344
438340.679590678 6473577.58081548
438369.367662432 6473677.98906662
438450.650532402 6473682.77041191
438481.729276803 6473740.14655542
438500.854657972 6473787.96000834
438476.94793151 6473835.77346126
438472.166586218 6473893.14960477
438500.854657972 6473890.75893213
438627.56030822 6473876.41489625
438652.896930948 6473831.72509521
438706.146447399 6473821.58233017
438771.229189729 6473861.30815991
438785.598106867 6473931.46228476
438739.92192259 6474012.68323708
438754.265958467 6474079.62207117
438744.703267882 6474110.70081557
438694.499142313 6474144.17023262
438629.950980866 6474189.5930129
438584.528200588 6474220.6717573
438586.918873234 6474273.26655551
438608.43492705 6474335.42404431
438594.090891173 6474361.72144342
438555.840128834 6474321.08000844
438534.750589616 6474356.5253816
438551.808619139 6474441.81552921
438560.3376339 6474492.98961778