437217.9251929 6472126.18703773
437240.056825115 6472137.23256517
437281.893596423 6472124.08386561
437298.628304947 6472021.28494183
437298.628304947 6471990.20619743
437298.628304947 6471969.88547993
437301.018977593 6471943.58808083
437287.870278039 6471919.68135436
437297.432968624 6471906.53265481
437320.144358763 6471900.55597319
437334.48839464 6471886.21193732
437311.777004501 6471874.25857409
437291.456287008 6471877.84458306
437265.1588879 6471876.64924673
437255.596197315 6471895.7746279
437241.252161438 6471899.36063687
437234.080143499 6471934.02539024
437217.345434976 6471937.61139921
437203.001399099 6471931.63471759
437189.852699545 6471902.94664584
437163.555300437 6471900.55597319
437149.211264559 6471898.16530055
437134.867228682 6471882.62592835
437106.179156928 6471881.43059202
437085.858439435 6471890.99328261
437099.007138989 6471898.16530055
437124.109201774 6471904.14198216
437139.648573974 6471911.3140001
437143.234582944 6471928.04870863
437166.428029731 6471943.37149329
437180.643054334 6471961.85102527
437217.345434976 6471974.66682523
437229.298798207 6471980.64350684
437235.275479823 6471990.20619743
437252.010188346 6472004.5502333
437256.791533638 6472014.11292389
437290.260950685 6472021.28494183
437281.893596423 6472085.83310327
437269.940233193 6472076.27041269
437223.322116592 6472069.09839475
437199.41539013 6472085.83310327
437217.9251929 6472126.18703773